0 0.08458333333333333 0.31555555555555553 0.049166666666666664 0.10074074074074074
0 0.1675 0.3762962962962963 0.045 0.09185185185185185
0 0.3525 0.3511111111111111 0.055 0.11259259259259259
0 0.40541666666666665 0.3274074074074074 0.04083333333333333 0.08296296296296296
0 0.45208333333333334 0.5614814814814815 0.0525 0.09777777777777778
0 0.52625 0.31555555555555553 0.030833333333333334 0.08
0 0.56125 0.32592592592592595 0.04583333333333333 0.09185185185185185
0 0.6129166666666667 0.36 0.04083333333333333 0.08
0 0.6504166666666666 0.39481481481481484 0.04416666666666667 0.09037037037037036
0 0.7129166666666666 0.4162962962962963 0.05583333333333333 0.1037037037037037
0 0.7666666666666667 0.3022222222222222 0.03666666666666667 0.07703703703703704
2 0.8079166666666666 0.302962962962963 0.0375 0.06666666666666667
0 0.8825 0.2814814814814815 0.041666666666666664 0.08888888888888889
0 0.93875 0.30518518518518517 0.049166666666666664 0.10074074074074074
0 0.29875 0.28074074074074074 0.034166666666666665 0.0725925925925926
0 0.47583333333333333 0.3251851851851852 0.035 0.06666666666666667
0 0.3670833333333333 0.2814814814814815 0.0375 0.06814814814814815
0 0.84 0.3022222222222222 0.025 0.05333333333333334

