1 0.123046875 0.5339976553341149 0.13359375 0.21453692848769051
0 0.431640625 0.686400937866354 0.13203125 0.20281359906213364
0 0.5375 0.7942555685814772 0.071875 0.16295427901524032
0 0.667578125 0.8200468933177022 0.12421875 0.20281359906213364
0 0.816796875 0.7590855803048066 0.09296875 0.15826494724501758
0 0.654296875 0.46365767878077374 0.06796875 0.12075029308323564
0 0.719921875 0.42379835873388044 0.06796875 0.10902696365767878
0 0.508203125 0.3786635404454865 0.04765625 0.08675263774912075
0 0.5609375 0.3264947245017585 0.05625 0.08558030480656506
0 0.59765625 0.2174677608440797 0.0375 0.0668229777256741
0 0.680859375 0.1969519343493552 0.03671875 0.05861664712778429
0 0.53515625 0.20281359906213364 0.0375 0.06096131301289566
0 0.5796875 0.1559202813599062 0.0296875 0.04220398593200469
0 0.647265625 0.14361078546307152 0.03515625 0.04572098475967175
0 0.73984375 0.13305978898007034 0.034375 0.038686987104337635
0 0.91484375 0.1324736225087925 0.025 0.03048065650644783

