0 0.4866666666666667 0.645 0.08666666666666667 0.22
0 0.7372222222222222 0.4625 0.07888888888888888 0.15833333333333333
0 0.8383333333333334 0.36833333333333335 0.07888888888888888 0.15
0 0.9411111111111111 0.25416666666666665 0.06444444444444444 0.11833333333333333
0 0.6355555555555555 0.19083333333333333 0.06222222222222222 0.115
0 0.32555555555555554 0.25 0.07777777777777778 0.15
0 0.12111111111111111 0.4075 0.08 0.16166666666666665
0 0.11666666666666667 0.8716666666666667 0.08888888888888889 0.23666666666666666
0 0.09555555555555556 0.18583333333333332 0.06444444444444444 0.11833333333333333

