0 0.025260416666666667 0.16064814814814815 0.04114583333333333 0.08055555555555556
0 0.08385416666666666 0.20833333333333334 0.053125 0.1
2 0.10026041666666667 0.36018518518518516 0.0515625 0.0962962962962963
0 0.04791666666666667 0.8569444444444444 0.07708333333333334 0.14166666666666666
0 0.26119791666666664 0.10648148148148148 0.058854166666666666 0.08703703703703704
0 0.2747395833333333 0.38472222222222224 0.05677083333333333 0.11388888888888889
1 0.16770833333333332 0.6513888888888889 0.057291666666666664 0.13240740740740742
0 0.12552083333333333 0.7407407407407407 0.071875 0.1388888888888889
0 0.37734375 0.9143518518518519 0.06614583333333333 0.13240740740740742
0 0.48723958333333334 0.10694444444444444 0.06822916666666666 0.10277777777777777
0 0.5 0.29907407407407405 0.06354166666666666 0.1111111111111111
0 0.5184895833333333 0.6967592592592593 0.0578125 0.09722222222222222
0 0.5682291666666667 0.7902777777777777 0.07604166666666666 0.13055555555555556
0 0.6614583333333334 0.1050925925925926 0.06041666666666667 0.10092592592592593
0 0.6403645833333333 0.37916666666666665 0.0546875 0.11203703703703703
0 0.7486979166666666 0.10324074074074074 0.0703125 0.125
0 0.825 0.033796296296296297 0.05416666666666667 0.06388888888888888
0 0.8953125 0.2 0.065625 0.10555555555555556
0 0.93125 0.5699074074074074 0.07291666666666667 0.11018518518518519

