2 0.03793103448275862 0.22945830797321973 0.04178498985801217 0.07668898356664638
0 0.0973630831643002 0.28271454656116857 0.06896551724137931 0.1320754716981132
0 0.15821501014198783 0.27632379793061473 0.028397565922920892 0.0426049908703591
0 0.30365111561866126 0.23432744978697503 0.05557809330628803 0.09616555082166768
0 0.3501014198782961 0.26993304930006085 0.03407707910750507 0.07121119902617164
0 0.5318458417849898 0.29275715155203896 0.03894523326572008 0.07060255629945222
2 0.581947261663286 0.24558734023128423 0.03691683569979716 0.07242848447961046
0 0.6269776876267749 0.3161898965307365 0.043407707910750506 0.07242848447961046
0 0.7910750507099391 0.34266585514303105 0.05354969574036511 0.09007912355447352
2 0.3995943204868154 0.3569689592209373 0.026774847870182555 0.03834449178332319
0 0.9446247464503043 0.23067559342665855 0.019066937119675456 0.032866707242848445
0 0.7052738336713996 0.23858794887401097 0.023123732251521298 0.04382227632379793

