0 0.11909722222222222 0.6140625 0.07013888888888889 0.084375
0 0.246875 0.5619791666666667 0.05763888888888889 0.09270833333333334
0 0.3815972222222222 0.8255208333333334 0.07291666666666667 0.10104166666666667
0 0.3125 0.5385416666666667 0.04722222222222222 0.07291666666666667
0 0.35694444444444445 0.41822916666666665 0.041666666666666664 0.065625
1 0.26805555555555555 0.36770833333333336 0.03333333333333333 0.05416666666666667
0 0.1607638888888889 0.4401041666666667 0.035416666666666666 0.06770833333333333
0 0.15034722222222222 0.36302083333333335 0.022916666666666665 0.04479166666666667
0 0.21006944444444445 0.31979166666666664 0.022916666666666665 0.0375
0 0.4701388888888889 0.47291666666666665 0.06527777777777778 0.08958333333333333
0 0.5309027777777777 0.3927083333333333 0.04097222222222222 0.07083333333333333
0 0.7670138888888889 0.4630208333333333 0.08125 0.109375
0 0.9305555555555556 0.5328125 0.0375 0.084375
0 0.6246527777777777 0.3578125 0.022916666666666665 0.06770833333333333
0 0.5583333333333333 0.2609375 0.03611111111111111 0.059375
0 0.46284722222222224 0.23020833333333332 0.02847222222222222 0.04791666666666667
0 0.3125 0.25885416666666666 0.02361111111111111 0.051041666666666666
0 0.09375 0.33958333333333335 0.022222222222222223 0.058333333333333334
0 0.07395833333333333 0.2833333333333333 0.02013888888888889 0.04375
0 0.1517361111111111 0.25 0.029861111111111113 0.05416666666666667
0 0.22569444444444445 0.21458333333333332 0.020833333333333332 0.03333333333333333

