0 0.7129166666666666 0.378125 0.0675 0.11125
0 0.8854166666666666 0.275625 0.05583333333333333 0.10375
0 0.6441666666666667 0.245 0.06333333333333334 0.1225
0 0.39208333333333334 0.429375 0.059166666666666666 0.08375
0 0.4325 0.341875 0.051666666666666666 0.08625
0 0.04041666666666666 0.370625 0.07916666666666666 0.23125
0 0.33166666666666667 0.35375 0.045 0.0675
0 0.26916666666666667 0.32375 0.051666666666666666 0.065
0 0.09375 0.318125 0.0375 0.05375
0 0.19833333333333333 0.314375 0.041666666666666664 0.05125
0 0.15291666666666667 0.286875 0.020833333333333332 0.03875
0 0.5129166666666667 0.281875 0.0275 0.04375

