0 0.4873046875 0.2756598240469208 0.1015625 0.14076246334310852
0 0.10009765625 0.7873900293255132 0.1630859375 0.31085043988269795
0 0.38037109375 0.7866568914956011 0.1259765625 0.18621700879765396
0 0.69287109375 0.7712609970674487 0.0634765625 0.15542521994134897
0 0.85693359375 0.8614369501466276 0.1162109375 0.22727272727272727
0 0.68017578125 0.6297653958944281 0.0380859375 0.06598240469208211
0 0.833984375 0.5579178885630498 0.041015625 0.045454545454545456
1 0.84912109375 0.6774193548387096 0.0537109375 0.09090909090909091
0 0.8017578125 0.5689149560117303 0.0234375 0.04398826979472141

