2 0.04443359375 0.7218155197657394 0.0205078125 0.06149341142020498
0 0.0966796875 0.7298682284040996 0.04296875 0.07174231332357248
0 0.17529296875 0.698389458272328 0.0185546875 0.043923865300146414
0 0.2607421875 0.7540263543191801 0.0390625 0.06149341142020498
2 0.326171875 0.568081991215227 0.0234375 0.04685212298682284
0 0.35400390625 0.5841874084919473 0.0361328125 0.04685212298682284
1 0.39697265625 0.5973645680819912 0.0302734375 0.040995607613469986
2 0.36865234375 0.6661786237188873 0.0322265625 0.0527086383601757
0 0.32275390625 0.7005856515373353 0.0361328125 0.05124450951683748
0 0.41455078125 0.6764275256222547 0.0361328125 0.06149341142020498
0 0.4560546875 0.6251830161054173 0.033203125 0.06149341142020498
0 0.5478515625 0.5944363103953147 0.03125 0.043923865300146414
0 0.50390625 0.7005856515373353 0.0390625 0.0629575402635432
0 0.5263671875 0.7745241581259151 0.04296875 0.07613469985358712
0 0.599609375 0.58199121522694 0.037109375 0.05710102489019034
2 0.57470703125 0.9641288433382138 0.0478515625 0.07174231332357248
0 0.5673828125 0.48462664714494874 0.02734375 0.03806734992679356
0 0.51220703125 0.44875549048316254 0.0244140625 0.03953147877013177
0 0.615234375 0.4890190336749634 0.025390625 0.040995607613469986
0 0.72900390625 0.4136163982430454 0.0244140625 0.036603221083455345
0 0.78759765625 0.4253294289897511 0.0185546875 0.03074670571010249
0 0.90576171875 0.5014641288433382 0.0244140625 0.036603221083455345

