0 0.2678280690328883 0.2394325419803127 0.04395962227287528 0.0897510133178923
0 0.40052100293064147 0.22495657209033004 0.04884402474763921 0.0897510133178923
0 0.7888309996743732 0.1381007527504343 0.05047215890589384 0.09554140127388536
0 0.8865190491696516 0.15315576143601622 0.0081406707912732 0.02605674580196873
2 0.6882123086942364 0.1464968152866242 0.004233148811462064 0.012738853503184714
0 0.6100618690980136 0.15605095541401273 0.006186909801367633 0.012159814707585408
0 0.5174210354933246 0.17052692530399538 0.004558775643112993 0.011001737116386797
0 0.5402149137088896 0.16502605674580198 0.004558775643112993 0.008106543138390272
0 0.5439596222728753 0.16502605674580198 0.004233148811462064 0.010422698320787493
0 0.5647997394985347 0.15865662999420962 0.00488440247476392 0.008106543138390272
0 0.574731357863888 0.16328894035900404 0.004558775643112993 0.008106543138390272

