0 0.09189723320158102 0.7529644268774703 0.07905138339920949 0.10408432147562582
0 0.36116600790513836 0.6739130434782609 0.07806324110671936 0.1067193675889328
0 0.5518774703557312 0.6851119894598156 0.06620553359683795 0.11067193675889328
0 0.9303359683794467 0.7793148880105402 0.11363636363636363 0.11462450592885376
0 0.9560276679841897 0.5197628458498024 0.02865612648221344 0.03820816864295125
0 0.642292490118577 0.5322793148880105 0.01383399209486166 0.028985507246376812
0 0.5770750988142292 0.5177865612648221 0.011857707509881422 0.021080368906455864
0 0.39278656126482214 0.5303030303030303 0.014822134387351778 0.025032938076416336
2 0.2885375494071146 0.5382081686429513 0.017786561264822136 0.025032938076416336
0 0.7524703557312253 0.6179183135704874 0.012845849802371542 0.026350461133069828

