0 0.198828125 0.07916666666666666 0.01015625 0.022222222222222223
0 0.217578125 0.08194444444444444 0.01171875 0.027777777777777776
0 0.256640625 0.07361111111111111 0.01328125 0.030555555555555555
0 0.324609375 0.05555555555555555 0.02578125 0.058333333333333334
0 0.302734375 0.14305555555555555 0.03046875 0.03611111111111111
0 0.15 0.09444444444444444 0.028125 0.06111111111111111
0 0.452734375 0.11736111111111111 0.01796875 0.0625
0 0.503515625 0.1326388888888889 0.03828125 0.08472222222222223
0 0.59453125 0.19791666666666666 0.0140625 0.02361111111111111
0 0.696484375 0.12569444444444444 0.03984375 0.0763888888888889
0 0.876171875 0.14583333333333334 0.03671875 0.09444444444444444

