0 0.8475 0.1701649175412294 0.063 0.0944527736131934
0 0.091 0.20764617691154422 0.05 0.06746626686656672
0 0.645 0.1956521739130435 0.046 0.0734632683658171
0 0.7095 0.29760119940029983 0.033 0.049475262368815595
1 0.9365 0.29985007496251875 0.047 0.08095952023988005
1 0.478 0.19715142428785606 0.056 0.10044977511244378
1 0.117 0.27961019490254874 0.056 0.0944527736131934
2 0.023 0.20164917541229385 0.044 0.0704647676161919
2 0.1965 0.29610194902548725 0.055 0.08845577211394302
2 0.2345 0.23388305847076463 0.037 0.06296851574212893
2 0.3645 0.24587706146926536 0.045 0.05997001499250375
2 0.603 0.2166416791604198 0.042 0.06146926536731634
2 0.7235 0.15667166416791603 0.047 0.06746626686656672

