0 0.15833333333333333 0.12685185185185185 0.12916666666666668 0.2351851851851852
0 0.49583333333333335 0.1425925925925926 0.12916666666666668 0.22592592592592592
0 0.821875 0.13055555555555556 0.11041666666666666 0.20555555555555555
0 0.775 0.55 0.125 0.24074074074074073
0 0.4984375 0.5518518518518518 0.12395833333333334 0.2074074074074074
0 0.17239583333333333 0.5231481481481481 0.11770833333333333 0.2462962962962963
0 0.1765625 0.9324074074074075 0.109375 0.13518518518518519
0 0.4947916666666667 0.9277777777777778 0.1 0.14444444444444443
0 0.8328125 0.9351851851851852 0.14270833333333333 0.12962962962962962

