0 0.08402777777777778 0.26590909090909093 0.04722222222222222 0.09090909090909091
0 0.16666666666666666 0.3159090909090909 0.04722222222222222 0.08409090909090909
0 0.3541666666666667 0.2994318181818182 0.04861111111111111 0.09204545454545454
0 0.3013888888888889 0.23579545454545456 0.029166666666666667 0.060227272727272727
0 0.37083333333333335 0.23352272727272727 0.029166666666666667 0.04659090909090909
0 0.40694444444444444 0.27954545454545454 0.043055555555555555 0.0659090909090909
0 0.43368055555555557 0.2528409090909091 0.01875 0.05568181818181818
0 0.45625 0.47670454545454544 0.04722222222222222 0.0875
0 0.4795138888888889 0.27329545454545456 0.03125 0.05795454545454545
0 0.5274305555555555 0.26704545454545453 0.029861111111111113 0.0659090909090909
0 0.5614583333333333 0.27954545454545454 0.04375 0.07954545454545454
0 0.6145833333333334 0.3068181818181818 0.03888888888888889 0.07272727272727272
0 0.6527777777777778 0.33238636363636365 0.04722222222222222 0.08977272727272727
0 0.7142361111111111 0.35625 0.05486111111111111 0.09886363636363636
0 0.7194444444444444 0.21363636363636362 0.029166666666666667 0.07045454545454545
0 0.7690972222222222 0.2590909090909091 0.04236111111111111 0.07272727272727272
2 0.8097222222222222 0.2585227272727273 0.03888888888888889 0.05795454545454545
0 0.8833333333333333 0.23863636363636365 0.041666666666666664 0.07045454545454545
0 0.9395833333333333 0.25681818181818183 0.04722222222222222 0.08181818181818182
0 0.8409722222222222 0.2551136363636364 0.02361111111111111 0.04659090909090909

