1 0.11805555555555555 0.4408866995073892 0.1398148148148148 0.2545155993431856
0 0.43148148148148147 0.6288998357963875 0.11851851851851852 0.24958949096880131
0 0.5356481481481481 0.7528735632183908 0.07314814814814814 0.18883415435139572
0 0.662962962962963 0.7906403940886699 0.1259259259259259 0.22824302134646962
0 0.8148148148148148 0.7167487684729064 0.08888888888888889 0.2019704433497537
0 0.6537037037037037 0.3645320197044335 0.06481481481481481 0.1444991789819376
0 0.7199074074074074 0.32101806239737274 0.06388888888888888 0.11986863711001643
0 0.5101851851851852 0.26436781609195403 0.044444444444444446 0.10837438423645321
0 0.5578703703703703 0.19950738916256158 0.05092592592592592 0.09688013136288999
0 0.475462962962963 0.33497536945812806 0.06574074074074074 0.09523809523809523
0 0.5967592592592592 0.07881773399014778 0.03981481481481482 0.06896551724137931
0 0.6819444444444445 0.053366174055829226 0.03796296296296296 0.060755336617405585
0 0.5337962962962963 0.06321839080459771 0.03611111111111111 0.06403940886699508

