0 0.07 0.9189453125 0.1075 0.162109375
0 0.195 0.7978515625 0.07 0.111328125
0 0.304375 0.7431640625 0.12875 0.228515625
0 0.495 0.6162109375 0.0775 0.166015625
0 0.3225 0.244140625 0.045 0.07421875
0 0.400625 0.1142578125 0.03625 0.056640625
0 0.42375 0.2490234375 0.035 0.068359375
0 0.499375 0.1416015625 0.02875 0.044921875
0 0.593125 0.1552734375 0.03625 0.060546875
0 0.56625 0.3759765625 0.0375 0.068359375
0 0.6925 0.564453125 0.1025 0.16015625
0 0.7575 0.193359375 0.035 0.0546875
2 0.84875 0.34375 0.0375 0.05859375
2 0.665625 0.2021484375 0.03625 0.060546875
2 0.448125 0.4580078125 0.04875 0.076171875

