0 0.06634146341463415 0.19985358711566617 0.03902439024390244 0.05124450951683748
0 0.16195121951219513 0.18448023426061494 0.03902439024390244 0.055636896046852125
0 0.22048780487804878 0.24816983894582723 0.021463414634146343 0.03074670571010249
0 0.2892682926829268 0.2335285505124451 0.04390243902439024 0.048316251830161056
0 0.4351219512195122 0.14202049780380674 0.04682926829268293 0.07613469985358712
0 0.5502439024390244 0.1698389458272328 0.04682926829268293 0.08784773060029283
1 0.6307317073170732 0.24011713030746706 0.026341463414634145 0.043923865300146414
0 0.7097560975609756 0.18374816983894582 0.055609756097560976 0.09224011713030747
0 0.9521951219512195 0.12152269399707175 0.05853658536585366 0.0849194729136164

