0 0.05375 0.022616136919315404 0.05583333333333333 0.042787286063569685
0 0.32458333333333333 0.0617359413202934 0.05416666666666667 0.07701711491442542
0 0.25708333333333333 0.17114914425427874 0.0525 0.08312958435207823
2 0.42333333333333334 0.0647921760391198 0.043333333333333335 0.07090464547677261
0 0.34625 0.1882640586797066 0.06416666666666666 0.10757946210268948
0 0.06375 0.6986552567237164 0.11916666666666667 0.30684596577017115
2 0.5908333333333333 0.20843520782396088 0.03666666666666667 0.07212713936430318
2 0.5516666666666666 0.26344743276283616 0.056666666666666664 0.0843520782396088
0 0.49375 0.4193154034229829 0.0725 0.11735941320293398
0 0.6879166666666666 0.1393643031784841 0.05583333333333333 0.097799511002445
0 0.8266666666666667 0.1980440097799511 0.045 0.08557457212713937
0 0.7791666666666667 0.4779951100244499 0.07166666666666667 0.10024449877750612
0 0.93375 0.3539119804400978 0.0575 0.07946210268948656

