0 0.03318181818181818 0.17844827586206896 0.024545454545454544 0.06379310344827586
0 0.08409090909090909 0.11120689655172414 0.026363636363636363 0.0603448275862069
0 0.11727272727272728 0.20517241379310344 0.02727272727272727 0.05517241379310345
0 0.20318181818181819 0.1853448275862069 0.03363636363636364 0.07413793103448275
0 0.2677272727272727 0.21551724137931033 0.053636363636363635 0.08275862068965517
0 0.3118181818181818 0.12155172413793103 0.02909090909090909 0.07413793103448275
0 0.3663636363636364 0.1206896551724138 0.023636363636363636 0.05862068965517241
0 0.5245454545454545 0.20775862068965517 0.04 0.08793103448275862
0 0.6031818181818182 0.17672413793103448 0.03727272727272727 0.09482758620689655
0 0.7154545454545455 0.17758620689655172 0.05454545454545454 0.11379310344827587
0 0.805 0.1939655172413793 0.046363636363636364 0.10172413793103448
0 0.895 0.16034482758620688 0.03727272727272727 0.06551724137931035
2 0.9086363636363637 0.45689655172413796 0.028181818181818183 0.07241379310344828

