0 0.20666666666666667 0.1582687338501292 0.05333333333333334 0.07881136950904392
0 0.2891666666666667 0.38372093023255816 0.043333333333333335 0.06718346253229975
0 0.46541666666666665 0.20671834625322996 0.0475 0.06976744186046512
0 0.9125 0.19896640826873385 0.041666666666666664 0.06459948320413436
0 0.69 0.21963824289405684 0.03666666666666667 0.05167958656330749
0 0.6091666666666666 0.1996124031007752 0.03333333333333333 0.04521963824289406
0 0.5654166666666667 0.23126614987080105 0.029166666666666667 0.04392764857881137
0 0.07875 0.19315245478036175 0.0275 0.040051679586563305
0 0.29125 0.1524547803617571 0.025833333333333333 0.04392764857881137
0 0.33916666666666667 0.1834625322997416 0.018333333333333333 0.03359173126614987
0 0.38875 0.18863049095607234 0.019166666666666665 0.028423772609819122
0 0.9725 0.20284237726098192 0.018333333333333333 0.028423772609819122

