0 0.02910772578890098 0.2755208333333333 0.040805223068552776 0.07604166666666666
0 0.13900979325353646 0.2864583333333333 0.03645266594124048 0.07083333333333333
0 0.23041349292709468 0.29739583333333336 0.03754080522306855 0.07395833333333333
0 0.27720348204570183 0.20260416666666667 0.033188248095756254 0.07395833333333333
0 0.3340587595212187 0.24427083333333333 0.03373231773667029 0.078125
0 0.43879216539717086 0.27239583333333334 0.03754080522306855 0.078125
0 0.5661044613710555 0.2609375 0.03427638737758433 0.078125
0 0.6520674646354734 0.30885416666666665 0.033188248095756254 0.065625
0 0.7440152339499456 0.3 0.03427638737758433 0.07083333333333333
0 0.8370511425462459 0.353125 0.040805223068552776 0.06666666666666667
0 0.9529379760609358 0.315625 0.04515778019586507 0.07916666666666666

