2 0.12666666666666668 0.20939490445859874 0.02666666666666667 0.052547770700636945
2 0.265 0.26990445859872614 0.028333333333333332 0.06210191082802548
2 0.4979166666666667 0.2014331210191083 0.0275 0.08121019108280254
2 0.5916666666666667 0.1536624203821656 0.03333333333333333 0.08121019108280254
2 0.6520833333333333 0.285828025477707 0.04416666666666667 0.08439490445859872
2 0.7516666666666667 0.21496815286624205 0.02666666666666667 0.04777070063694268
2 0.7158333333333333 0.2213375796178344 0.023333333333333334 0.04777070063694268
2 0.6808333333333333 0.2285031847133758 0.028333333333333332 0.06210191082802548
2 0.6595833333333333 0.1751592356687898 0.025833333333333333 0.044585987261146494
2 0.8583333333333333 0.1839171974522293 0.03333333333333333 0.07165605095541401

