0 0.2314453125 0.3052708638360176 0.0546875 0.07174231332357248
0 0.39306640625 0.31991215226939973 0.0380859375 0.0629575402635432
0 0.4560546875 0.3367496339677892 0.060546875 0.09077598828696926
0 0.48388671875 0.42825768667642755 0.0634765625 0.10395314787701318
0 0.5654296875 0.3330893118594436 0.037109375 0.05417276720351391
0 0.64111328125 0.3191800878477306 0.0478515625 0.07027818448023426
0 0.7080078125 0.33528550512445093 0.06640625 0.09663250366032211
0 0.74951171875 0.2679355783308931 0.0419921875 0.07320644216691069
0 0.98388671875 0.3052708638360176 0.0322265625 0.07174231332357248

