0 0.9111111111111111 0.18447412353923207 0.05333333333333334 0.10517529215358931
0 0.8155555555555556 0.14106844741235391 0.06444444444444444 0.11519198664440734
0 0.6622222222222223 0.17863105175292154 0.06222222222222222 0.09682804674457429
0 0.5077777777777778 0.24457429048414023 0.044444444444444446 0.08514190317195326
0 0.45611111111111113 0.24624373956594323 0.04111111111111111 0.06844741235392321
0 0.2866666666666667 0.21869782971619364 0.057777777777777775 0.08347245409015025
0 0.13111111111111112 0.3030050083472454 0.057777777777777775 0.08848080133555926
0 0.17666666666666667 0.2871452420701169 0.04666666666666667 0.08681135225375626
0 0.05611111111111111 0.21368948247078465 0.03666666666666667 0.05008347245409015

