0 0.04619047619047619 0.5926395939086294 0.08476190476190476 0.1218274111675127
0 0.08619047619047619 0.4276649746192893 0.039047619047619046 0.0583756345177665
0 0.12238095238095238 0.3946700507614213 0.025714285714285714 0.04314720812182741
0 0.17095238095238094 0.3496192893401015 0.023809523809523808 0.031725888324873094
0 0.022857142857142857 0.3623096446700508 0.022857142857142857 0.0266497461928934
0 0.1976190476190476 0.43083756345177665 0.037142857142857144 0.044416243654822336
0 0.2357142857142857 0.3616751269035533 0.02761904761904762 0.03807106598984772
0 0.2866666666666667 0.5291878172588832 0.11428571428571428 0.16243654822335024
0 0.2919047619047619 0.3553299492385787 0.025714285714285714 0.027918781725888325
0 0.37761904761904763 0.3686548223350254 0.01619047619047619 0.021573604060913704
0 0.40095238095238095 0.39086294416243655 0.02666666666666667 0.03299492385786802
0 0.44285714285714284 0.45558375634517767 0.04380952380952381 0.0583756345177665
0 0.5423809523809524 0.4460659898477157 0.06190476190476191 0.08756345177664974
0 0.5085714285714286 0.4010152284263959 0.022857142857142857 0.04568527918781726
0 0.4461904761904762 0.38261421319796957 0.018095238095238095 0.021573604060913704
0 0.5842857142857143 0.35279187817258884 0.02761904761904762 0.027918781725888325
0 0.7014285714285714 0.3953045685279188 0.025714285714285714 0.02918781725888325
0 0.7004761904761905 0.3464467005076142 0.01619047619047619 0.02284263959390863
0 0.7476190476190476 0.44225888324873097 0.024761904761904763 0.031725888324873094
0 0.7285714285714285 0.3635786802030457 0.017142857142857144 0.01649746192893401
0 0.7761904761904762 0.399746192893401 0.02095238095238095 0.027918781725888325
0 0.8257142857142857 0.4479695431472081 0.049523809523809526 0.06345177664974619
0 0.8919047619047619 0.4022842639593909 0.023809523809523808 0.03299492385786802
0 0.9890476190476191 0.4619289340101523 0.021904761904761906 0.06852791878172589
0 0.9614285714285714 0.3876903553299492 0.03142857142857143 0.03426395939086294
2 0.5438095238095239 0.350253807106599 0.013333333333333334 0.02030456852791878

