0 0.08203125 0.24377745241581258 0.03515625 0.060029282576866766
0 0.1708984375 0.25036603221083453 0.041015625 0.07027818448023426
2 0.22265625 0.19765739385065886 0.029296875 0.040995607613469986
2 0.2529296875 0.15666178623718888 0.0390625 0.05856515373352855
2 0.35400390625 0.19472913616398244 0.0458984375 0.06734992679355783
0 0.501953125 0.23572474377745242 0.05078125 0.09077598828696926
1 0.53466796875 0.1800878477306003 0.0224609375 0.05856515373352855
2 0.5966796875 0.17862371888726208 0.04296875 0.06734992679355783
1 0.658203125 0.16691068814055637 0.04296875 0.07027818448023426
0 0.822265625 0.14641288433382138 0.056640625 0.09956076134699854
0 0.74951171875 0.1259150805270864 0.0263671875 0.04685212298682284
0 0.71826171875 0.19546120058565153 0.0263671875 0.0424597364568082
2 0.05908203125 0.16764275256222547 0.0302734375 0.05124450951683748

