0 0.07090909090909091 0.21243941841680128 0.06 0.09854604200323101
0 0.19363636363636363 0.1284329563812601 0.04727272727272727 0.07592891760904685
0 0.3059090909090909 0.1752827140549273 0.046363636363636364 0.06946688206785137
0 0.39454545454545453 0.18336025848142165 0.05818181818181818 0.09854604200323101
0 0.5359090909090909 0.1260096930533118 0.03909090909090909 0.07431340872374798
0 0.61 0.15347334410339256 0.03272727272727273 0.07108239095315025
0 0.685 0.14781906300484654 0.03909090909090909 0.05977382875605816
0 0.735909090909091 0.13408723747980614 0.03727272727272727 0.07431340872374798
0 0.8413636363636363 0.1777059773828756 0.053636363636363635 0.09693053311793215
0 0.9131818181818182 0.1591276252019386 0.04454545454545455 0.0791599353796446

