0 0.042272727272727274 0.9539579967689822 0.07181818181818182 0.09208400646203554
0 0.12181818181818181 0.8554119547657512 0.07090909090909091 0.13408723747980614
1 0.16590909090909092 0.7689822294022617 0.053636363636363635 0.11954765751211632
2 0.095 0.4806138933764136 0.05 0.09208400646203554
0 0.2640909090909091 0.5024232633279483 0.04818181818181818 0.1098546042003231
0 0.26045454545454544 0.22213247172859452 0.057272727272727274 0.09208400646203554
0 0.08363636363636363 0.3263327948303716 0.045454545454545456 0.10662358642972536
0 0.022727272727272728 0.28190630048465265 0.03090909090909091 0.08562197092084006
0 0.5631818181818182 0.9054927302100162 0.07181818181818182 0.12762520193861066
0 0.5186363636363637 0.8101777059773829 0.06454545454545454 0.09854604200323101
0 0.4990909090909091 0.4159935379644588 0.06181818181818182 0.10823909531502424
0 0.4822727272727273 0.22294022617124395 0.060909090909090906 0.09046849757673667
0 0.48772727272727273 0.06704361873990307 0.05545454545454546 0.07592891760904685
0 0.6618181818181819 0.22374798061389337 0.05454545454545454 0.11147011308562198
0 0.6413636363636364 0.4894991922455573 0.053636363636363635 0.10339256865912763
0 0.7486363636363637 0.22132471728594508 0.05909090909090909 0.11631663974151858
0 0.8222727272727273 0.13893376413570274 0.057272727272727274 0.08723747980613894
0 0.8963636363636364 0.31906300484652667 0.06727272727272728 0.10177705977382875
0 0.9340909090909091 0.68578352180937 0.06272727272727273 0.10177705977382875

