0 0.04131944444444444 0.8835227272727273 0.06736111111111111 0.11477272727272728
0 0.12569444444444444 0.7857954545454545 0.06527777777777778 0.11022727272727273
1 0.16770833333333332 0.7159090909090909 0.050694444444444445 0.09545454545454546
2 0.09513888888888888 0.47897727272727275 0.044444444444444446 0.0715909090909091
0 0.08402777777777778 0.35454545454545455 0.03888888888888889 0.08863636363636364
0 0.025694444444444443 0.31988636363636364 0.03611111111111111 0.07386363636363637
2 0.08125 0.04659090909090909 0.04861111111111111 0.07954545454545454
0 0.29756944444444444 0.07443181818181818 0.05347222222222222 0.08295454545454546
0 0.259375 0.26988636363636365 0.05347222222222222 0.0715909090909091
0 0.2642361111111111 0.49772727272727274 0.04652777777777778 0.09090909090909091
0 0.37430555555555556 0.928409090909091 0.07083333333333333 0.10454545454545454
0 0.5184027777777778 0.7482954545454545 0.06458333333333334 0.08068181818181819
0 0.565625 0.8261363636363637 0.07152777777777777 0.10227272727272728
0 0.49756944444444445 0.43068181818181817 0.05763888888888889 0.09090909090909091
0 0.48333333333333334 0.2772727272727273 0.0625 0.08636363636363636
0 0.49027777777777776 0.1494318181818182 0.05694444444444444 0.07386363636363637
0 0.6409722222222223 0.49318181818181817 0.04861111111111111 0.08181818181818182
0 0.6604166666666667 0.2727272727272727 0.05277777777777778 0.09090909090909091
0 0.7475694444444444 0.26875 0.05763888888888889 0.09431818181818181
0 0.9333333333333333 0.6443181818181818 0.06944444444444445 0.075
0 0.8930555555555556 0.3471590909090909 0.06111111111111111 0.08295454545454546
0 0.8225694444444445 0.20227272727272727 0.04652777777777778 0.07272727272727272
0 0.8204861111111111 0.08977272727272727 0.04513888888888889 0.06363636363636363

