0 0.06875 0.3645955451348183 0.04375 0.06565064478311841
0 0.134765625 0.34056271981242675 0.04921875 0.09026963657678781
0 0.26015625 0.3388042203985932 0.0390625 0.07268464243845252
0 0.4578125 0.3417350527549824 0.046875 0.08792497069167643
0 0.408203125 0.3388042203985932 0.02890625 0.05861664712778429
0 0.540625 0.37397420867526376 0.034375 0.05627198124267292
0 0.617578125 0.3669402110199297 0.02109375 0.04220398593200469
0 0.69140625 0.3563892145369285 0.0421875 0.06330597889800703
0 0.78515625 0.3563892145369285 0.034375 0.05861664712778429

