0 0.10925925925925926 0.4917898193760263 0.07592592592592592 0.18883415435139572
0 0.2726851851851852 0.3185550082101806 0.08981481481481482 0.13793103448275862
0 0.0875 0.22660098522167488 0.04722222222222222 0.08210180623973727
0 0.32731481481481484 0.09277504105090312 0.04351851851851852 0.08374384236453201
0 0.4625 0.32922824302134646 0.05277777777777778 0.10016420361247948
0 0.5236111111111111 0.26354679802955666 0.03611111111111111 0.08702791461412152
0 0.6226851851851852 0.277504105090312 0.03425925925925926 0.09852216748768473
0 0.5722222222222222 0.458128078817734 0.05925925925925926 0.11822660098522167
0 0.6050925925925926 0.6732348111658456 0.062037037037037036 0.13136288998357964
0 0.7625 0.4343185550082102 0.06759259259259259 0.10344827586206896
0 0.5986111111111111 0.05582922824302135 0.028703703703703703 0.06896551724137931
0 0.8231481481481482 0.13054187192118227 0.037037037037037035 0.047619047619047616
0 0.9564814814814815 0.20853858784893267 0.06851851851851852 0.13464696223316913
0 0.46805555555555556 0.10837438423645321 0.021296296296296296 0.06568144499178982

