0 0.154541015625 0.23648161499639508 0.05224609375 0.08651766402307137
0 0.203369140625 0.2350396539293439 0.05029296875 0.07930785868781542
0 0.288818359375 0.218817591925018 0.01806640625 0.061283345349675555
0 0.413818359375 0.2617159336697909 0.05615234375 0.08651766402307137
0 0.496337890625 0.2555875991348234 0.05224609375 0.07714491708723864
0 0.614013671875 0.247296322999279 0.05615234375 0.07930785868781542
0 0.745849609375 0.2617159336697909 0.05126953125 0.08651766402307137
0 0.806396484375 0.2891131939437635 0.05029296875 0.07930785868781542
0 0.892333984375 0.17159336697909156 0.03173828125 0.08651766402307137

