0 0.0655 0.7021276595744681 0.121 0.3037417461482025
2 0.42275 0.06456346294937637 0.0405 0.06603081438004402
0 0.321 0.05979457079970653 0.058 0.06969919295671313
0 0.053 0.02090975788701394 0.054 0.04035216434336023
0 0.2575 0.17351430667644901 0.054 0.08143800440205429
0 0.346 0.18525311812179016 0.068 0.10051357300073367
2 0.5875 0.20763022743947177 0.041 0.07043286867204696
2 0.55 0.264490095377843 0.06 0.08437270726338958
0 0.68725 0.14343360234776228 0.0565 0.0946441672780631
0 0.825 0.1966250917094644 0.047 0.08070432868672046
0 0.77575 0.4787234042553192 0.0835 0.10491562729273661
0 0.9315 0.3547322083639032 0.061 0.08290535583272193
0 0.49525 0.41709464416727804 0.0685 0.11225238444607484

