0 0.0838095238095238 0.26649746192893403 0.047619047619047616 0.09644670050761421
0 0.16904761904761906 0.3206429780033841 0.04666666666666667 0.08967851099830795
0 0.3504761904761905 0.2969543147208122 0.05714285714285714 0.10321489001692047
0 0.40523809523809523 0.2817258883248731 0.04285714285714286 0.08629441624365482
0 0.45095238095238094 0.5135363790186125 0.05619047619047619 0.10321489001692047
0 0.4780952380952381 0.2732656514382403 0.030476190476190476 0.06598984771573604
0 0.5276190476190477 0.2639593908629442 0.02857142857142857 0.08460236886632826
0 0.56 0.27580372250423013 0.0419047619047619 0.09475465313028765
0 0.6123809523809524 0.3096446700507614 0.0380952380952381 0.08121827411167512
0 0.6504761904761904 0.34686971235194586 0.0419047619047619 0.09475465313028765
0 0.7147619047619047 0.3688663282571912 0.05619047619047619 0.1116751269035533
0 0.7661904761904762 0.25380710659898476 0.035238095238095235 0.077834179357022
2 0.8085714285714286 0.2563451776649746 0.04380952380952381 0.05922165820642978
0 0.8823809523809524 0.23096446700507614 0.04476190476190476 0.0829103214890017
0 0.9395238095238095 0.25380710659898476 0.04857142857142857 0.09137055837563451
0 0.3680952380952381 0.23096446700507614 0.037142857142857144 0.06598984771573604
0 0.2995238095238095 0.23011844331641285 0.037142857142857144 0.06091370558375635

