0 0.05 0.27429667519181583 0.04833333333333333 0.06777493606138107
0 0.185 0.25 0.04 0.06010230179028133
0 0.26625 0.2557544757033248 0.035833333333333335 0.06649616368286446
0 0.4083333333333333 0.24104859335038364 0.041666666666666664 0.06265984654731457
0 0.45375 0.23209718670076726 0.030833333333333334 0.054987212276214836
0 0.48791666666666667 0.22698209718670076 0.029166666666666667 0.06265984654731457
0 0.5225 0.170076726342711 0.03333333333333333 0.04092071611253197
0 0.5116666666666667 0.2813299232736573 0.03833333333333333 0.058823529411764705
0 0.5766666666666667 0.35294117647058826 0.056666666666666664 0.08695652173913043
2 0.6725 0.21035805626598467 0.043333333333333335 0.07544757033248081
0 0.6925 0.37404092071611256 0.06166666666666667 0.10869565217391304
0 0.8095833333333333 0.18414322250639387 0.0375 0.061381074168797956
0 0.80125 0.3452685421994885 0.0525 0.06905370843989769
0 0.9179166666666667 0.4539641943734015 0.08083333333333333 0.13554987212276215
2 0.865 0.42455242966751916 0.035 0.07672634271099744

