0 0.38813559322033897 0.26358024691358023 0.06440677966101695 0.13209876543209875
0 0.4549152542372881 0.2308641975308642 0.061016949152542375 0.12839506172839507
0 0.6528813559322034 0.15925925925925927 0.061016949152542375 0.09876543209876543
0 0.6711864406779661 0.2802469135802469 0.06644067796610169 0.12345679012345678
0 0.6928813559322033 0.5907407407407408 0.08 0.13209876543209875
0 0.7596610169491526 0.24012345679012345 0.05491525423728814 0.09012345679012346
0 0.851864406779661 0.21296296296296297 0.03864406779661017 0.08765432098765433
0 0.8169491525423729 0.21666666666666667 0.03796610169491525 0.07777777777777778
0 0.9474576271186441 0.24382716049382716 0.029152542372881354 0.0654320987654321
0 0.23796610169491525 0.13271604938271606 0.06508474576271187 0.17160493827160495

