0 0.010416666666666666 0.35555555555555557 0.019166666666666665 0.02666666666666667
0 0.11666666666666667 0.37925925925925924 0.02 0.02962962962962963
0 0.035416666666666666 0.4540740740740741 0.0375 0.06666666666666667
0 0.09666666666666666 0.542962962962963 0.03 0.06962962962962962
0 0.2075 0.44296296296296295 0.05333333333333334 0.10074074074074074
0 0.22958333333333333 0.37037037037037035 0.0225 0.05333333333333334
0 0.25958333333333333 0.3437037037037037 0.020833333333333332 0.03851851851851852
0 0.325 0.36 0.013333333333333334 0.02666666666666667
0 0.3 0.39481481481481484 0.016666666666666666 0.037037037037037035
0 0.32083333333333336 0.4748148148148148 0.035 0.06962962962962962
0 0.35375 0.43703703703703706 0.019166666666666665 0.05333333333333334
0 0.40041666666666664 0.4525925925925926 0.05583333333333333 0.0962962962962963
0 0.45375 0.6296296296296297 0.06583333333333333 0.1362962962962963
1 0.4454166666666667 0.38296296296296295 0.014166666666666666 0.025185185185185185
0 0.5966666666666667 0.4725925925925926 0.023333333333333334 0.06518518518518518
0 0.6445833333333333 0.4074074074074074 0.020833333333333332 0.047407407407407405
0 0.6883333333333334 0.5 0.035 0.0725925925925926
0 0.84875 0.6488888888888888 0.15916666666666668 0.30814814814814817
0 0.94125 0.7444444444444445 0.060833333333333336 0.1288888888888889

