0 0.045654296875 0.591796875 0.07275390625 0.109375
0 0.083251953125 0.4293619791666667 0.03369140625 0.055338541666666664
0 0.11865234375 0.3948567708333333 0.0224609375 0.039713541666666664
0 0.196533203125 0.4290364583333333 0.03369140625 0.044270833333333336
0 0.2333984375 0.3636067708333333 0.0244140625 0.041015625
0 0.17041015625 0.349609375 0.01953125 0.028645833333333332
0 0.285888671875 0.5319010416666666 0.10498046875 0.16796875
0 0.40234375 0.390625 0.021484375 0.03125
0 0.289306640625 0.3544921875 0.02099609375 0.025390625
0 0.4423828125 0.4547526041666667 0.0390625 0.052734375
0 0.541748046875 0.4453125 0.05712890625 0.08463541666666667
0 0.490966796875 0.3929036458333333 0.01318359375 0.030598958333333332
0 0.44677734375 0.3857421875 0.0166015625 0.018880208333333332
0 0.583740234375 0.3544921875 0.02587890625 0.031901041666666664
0 0.701904296875 0.3955078125 0.02490234375 0.025390625
0 0.74853515625 0.4436848958333333 0.0224609375 0.033203125
0 0.824462890625 0.44921875 0.04638671875 0.06640625
0 0.89208984375 0.4020182291666667 0.01953125 0.031901041666666664
0 0.989501953125 0.4664713541666667 0.02099609375 0.06315104166666667
0 0.6611328125 0.3697916666666667 0.01171875 0.015625
0 0.700927734375 0.3453776041666667 0.01318359375 0.017578125
0 0.7294921875 0.3636067708333333 0.013671875 0.016276041666666668
0 0.777099609375 0.4016927083333333 0.02001953125 0.03125
0 0.961669921875 0.3916015625 0.02001953125 0.033203125
0 0.9833984375 0.3723958333333333 0.0107421875 0.018229166666666668

