0 0.7903787548976926 0.7258327890267798 0.09882455376578145 0.15316786414108427
2 0.8347845015237266 0.523514043109079 0.07705703090988246 0.11561071195297191
2 0.44721375707444494 0.5587851077726976 0.07858075750979539 0.11561071195297191
0 0.5207879843273835 0.6969301110385369 0.10208968219416631 0.1456564337034618
0 0.957771005659556 0.5476812540822992 0.0587723117109273 0.08752449379490529
0 0.1868741837178929 0.6291639451338994 0.08380496299521115 0.15055519268451992
0 0.076295167609926 0.5073481384715872 0.056813234653896386 0.0930764206401045
0 0.2663256421419242 0.5839320705421294 0.045058772311710925 0.10058785107772697
0 0.35176316935132784 0.532495101241019 0.05180670439703962 0.07805355976485957
0 0.3910535481062255 0.4910189418680601 0.056813234653896386 0.11071195297191379
0 0.5183935568132346 0.48726322664924887 0.060296038310840225 0.09274983670803397
0 0.5669351327818895 0.48595689092096667 0.04026991728341315 0.0705421293272371
0 0.6139529821506312 0.39304376224689747 0.02982150631258163 0.05519268451992162
0 0.7268175881584675 0.3577726975832789 0.04179364388332608 0.05519268451992162
2 0.2989769264257727 0.49232527759634226 0.04026991728341315 0.0728282168517309
0 0.12146277753591642 0.4118223383409536 0.033521985198084456 0.052906596995427824
0 0.37353069220722684 0.3866753755715219 0.045276447540269917 0.06792945787067277
2 0.47257292120156724 0.3386675375571522 0.03308663474096648 0.049640757674722404
0 0.5159991292990858 0.3166231221423906 0.014148889856334348 0.03429131286740692
0 0.6423595994775795 0.31025473546701504 0.01697866782760122 0.03527106466361855
0 0.4238136700043535 0.33442194644023515 0.022638223770134958 0.038536903984323974
0 0.25348280365694387 0.2983344219464402 0.018937744884632127 0.028412802090137166
0 0.684915106660862 0.3713259307642064 0.03591641271223335 0.047028086218158065
0 0.5784719198955159 0.42733507511430435 0.031127557683935568 0.05388634879163945
0 0.914018284719199 0.31450032658393207 0.02089682194166304 0.041149575440888306
0 0.957988680888115 0.3053559764859569 0.021767522855899 0.042455911169170475
0 0.7815629081410536 0.34846505551926843 0.018937744884632127 0.032658393207054215
0 0.9372006965607314 0.30176355323318094 0.018067043970396168 0.03527106466361855

