0 0.3872340425531915 0.6056737588652482 0.16170212765957448 0.2297872340425532
0 0.07127659574468086 0.875177304964539 0.14042553191489363 0.2127659574468085
0 0.09574468085106383 0.3028368794326241 0.11702127659574468 0.16312056737588654
0 0.3398936170212766 0.3148936170212766 0.11170212765957446 0.14184397163120568
0 0.6601063829787234 0.3574468085106383 0.14361702127659576 0.18439716312056736
0 0.5287234042553192 0.17801418439716313 0.10425531914893617 0.16028368794326242
0 0.7430851063829788 0.10212765957446808 0.09468085106382979 0.14184397163120568
0 0.026595744680851064 0.3333333333333333 0.05106382978723404 0.11063829787234042
0 0.8718085106382979 0.11773049645390071 0.09468085106382979 0.11631205673758865
0 0.6478723404255319 0.09858156028368795 0.06808510638297872 0.11205673758865248
2 0.44148936170212766 0.1971631205673759 0.07021276595744681 0.10212765957446808
2 0.9143617021276595 0.2815602836879433 0.1351063829787234 0.17446808510638298

