0 0.8415584415584415 0.3283333333333333 0.08051948051948052 0.22333333333333333
0 0.6042207792207792 0.355 0.09415584415584416 0.22333333333333333
0 0.7652597402597403 0.4425 0.04090909090909091 0.145
0 0.3948051948051948 0.6033333333333334 0.07532467532467532 0.2633333333333333
0 0.20941558441558442 0.535 0.052597402597402594 0.19
0 0.5133116883116883 0.5066666666666667 0.07337662337662337 0.16666666666666666
0 0.07954545454545454 0.5275 0.05649350649350649 0.13166666666666665
0 0.9568181818181818 0.5391666666666667 0.07207792207792207 0.18833333333333332
2 0.2409090909090909 0.4625 0.07142857142857142 0.21166666666666667

