0 0.19482421875 0.4496527777777778 0.0791015625 0.14583333333333334
2 0.39111328125 0.6145833333333334 0.1416015625 0.2951388888888889
0 0.09130859375 0.3420138888888889 0.0615234375 0.11805555555555555
1 0.16552734375 0.1796875 0.0458984375 0.10243055555555555
2 0.22119140625 0.3307291666666667 0.0537109375 0.0920138888888889
0 0.28173828125 0.2621527777777778 0.0517578125 0.0798611111111111
0 0.34912109375 0.23958333333333334 0.0615234375 0.08680555555555555
0 0.4267578125 0.2873263888888889 0.048828125 0.08159722222222222
0 0.47265625 0.3576388888888889 0.05859375 0.1076388888888889
0 0.54638671875 0.3689236111111111 0.0673828125 0.08506944444444445
2 0.46337890625 0.17274305555555555 0.0361328125 0.07118055555555555
0 0.38037109375 0.09809027777777778 0.0224609375 0.043402777777777776
0 0.4658203125 0.08072916666666667 0.0234375 0.043402777777777776
0 0.67578125 0.4574652777777778 0.091796875 0.1545138888888889
0 0.13037109375 0.203125 0.0361328125 0.08333333333333333
0 0.265625 0.1831597222222222 0.044921875 0.06770833333333333
0 0.576171875 0.057291666666666664 0.015625 0.03125
0 0.7978515625 0.9045138888888888 0.068359375 0.1909722222222222
0 0.84033203125 0.5425347222222222 0.0869140625 0.171875
0 0.82568359375 0.2873263888888889 0.0673828125 0.10243055555555555
0 0.8173828125 0.4262152777777778 0.037109375 0.0920138888888889
0 0.77783203125 0.21006944444444445 0.0439453125 0.10069444444444445
0 0.86962890625 0.17447916666666666 0.0341796875 0.06770833333333333

