0 0.2774547803617571 0.24612403100775193 0.027777777777777776 0.040697674418604654
2 0.35917312661498707 0.27374031007751937 0.03875968992248062 0.04748062015503876
0 0.48675710594315247 0.23449612403100775 0.03811369509043928 0.06395348837209303
0 0.6143410852713178 0.29457364341085274 0.04909560723514212 0.06782945736434108
0 0.7177002583979328 0.32703488372093026 0.04392764857881137 0.06686046511627906
0 0.8372093023255814 0.3003875968992248 0.06201550387596899 0.08527131782945736
0 0.9777131782945736 0.2868217054263566 0.04198966408268734 0.11046511627906977
0 0.2225452196382429 0.28343023255813954 0.02131782945736434 0.0377906976744186
0 0.19412144702842377 0.25872093023255816 0.02260981912144703 0.04263565891472868
0 0.1560077519379845 0.2616279069767442 0.020025839793281652 0.03682170542635659
0 0.12080103359173126 0.25726744186046513 0.023255813953488372 0.030038759689922482

