1 0.10666666666666667 0.23790322580645162 0.112 0.17943548387096775
2 0.236 0.11945564516129033 0.06666666666666667 0.08366935483870967
0 0.355 0.20766129032258066 0.04466666666666667 0.08870967741935484
0 0.41333333333333333 0.34526209677419356 0.08133333333333333 0.12600806451612903
0 0.25666666666666665 0.7494959677419355 0.208 0.30544354838709675
0 0.56 0.686491935483871 0.19466666666666665 0.30443548387096775
0 0.619 0.39919354838709675 0.09666666666666666 0.16330645161290322
0 0.499 0.2505040322580645 0.07 0.11391129032258064
2 0.831 0.2404233870967742 0.08333333333333333 0.1280241935483871
0 0.9456666666666667 0.14112903225806453 0.09 0.11088709677419355
0 0.9566666666666667 0.28830645161290325 0.08133333333333333 0.1431451612903226
0 0.7893333333333333 0.5554435483870968 0.11333333333333333 0.18346774193548387

