0 0.08349609375 0.2349926793557833 0.0458984375 0.06588579795021962
0 0.1875 0.11566617862371889 0.033203125 0.04978038067349927
0 0.2548828125 0.28257686676427524 0.04296875 0.06149341142020498
0 0.36962890625 0.08857979502196194 0.0322265625 0.0424597364568082
0 0.4140625 0.14714494875549047 0.041015625 0.0629575402635432
0 0.517578125 0.3557833089311859 0.052734375 0.08784773060029283
0 0.45458984375 0.08272327964860908 0.0361328125 0.05417276720351391
0 0.5185546875 0.09150805270863836 0.033203125 0.05124450951683748
0 0.61865234375 0.2657393850658858 0.0439453125 0.06881405563689605
0 0.6064453125 0.20790629575402636 0.03515625 0.055636896046852125
2 0.42041015625 0.07613469985358712 0.0263671875 0.032210834553440704
2 0.59228515625 0.10248901903367497 0.0244140625 0.040995607613469986
0 0.59912109375 0.04026354319180088 0.0244140625 0.03367496339677892
0 0.66455078125 0.13543191800878476 0.0322265625 0.0424597364568082
2 0.6279296875 0.024158125915080528 0.0234375 0.036603221083455345
1 0.6953125 0.07613469985358712 0.025390625 0.04685212298682284
0 0.74755859375 0.057833089311859445 0.0302734375 0.048316251830161056
0 0.76708984375 0.060029282576866766 0.0107421875 0.03513909224011713
2 0.72607421875 0.0527086383601757 0.0185546875 0.03513909224011713
2 0.88037109375 0.057833089311859445 0.0283203125 0.03953147877013177
0 0.953125 0.10029282576866765 0.03125 0.04538799414348463

