0 0.5375 0.425 0.04 0.05
0 0.783125 0.485 0.03625 0.043333333333333335
2 0.876875 0.49333333333333335 0.04125 0.04666666666666667
2 0.718125 0.4475 0.03875 0.041666666666666664
2 0.6575 0.4125 0.035 0.041666666666666664
2 0.470625 0.4175 0.03375 0.04833333333333333
2 0.3675 0.4091666666666667 0.04 0.04833333333333333
2 0.443125 0.39666666666666667 0.03125 0.04
1 0.200625 0.4041666666666667 0.04125 0.051666666666666666
1 0.283125 0.4041666666666667 0.03375 0.051666666666666666
1 0.250625 0.5591666666666667 0.03125 0.045
1 0.616875 0.43083333333333335 0.04125 0.04833333333333333
0 0.071875 0.44083333333333335 0.02125 0.028333333333333332
2 0.8425 0.4583333333333333 0.0225 0.02666666666666667

