0 0.35986328125 0.3359375 0.0634765625 0.1892361111111111
0 0.07568359375 0.3802083333333333 0.0791015625 0.15625
0 0.16845703125 0.2786458333333333 0.0654296875 0.14756944444444445
0 0.390625 0.4921875 0.0625 0.14756944444444445
0 0.44287109375 0.3559027777777778 0.0576171875 0.13194444444444445
0 0.6015625 0.2847222222222222 0.095703125 0.1527777777777778
0 0.2392578125 0.3237847222222222 0.037109375 0.11631944444444445
1 0.64208984375 0.4895833333333333 0.1005859375 0.2152777777777778
2 0.76171875 0.4288194444444444 0.0703125 0.15625
2 0.9521484375 0.3359375 0.05078125 0.11979166666666667
2 0.9833984375 0.3333333333333333 0.033203125 0.14930555555555555

