2 0.10888671875 0.08784773060029283 0.0400390625 0.06442166910688141
2 0.1767578125 0.21595900439238652 0.046875 0.06588579795021962
2 0.16748046875 0.3733528550512445 0.0517578125 0.07906295754026355
0 0.13671875 0.5497803806734992 0.05078125 0.07174231332357248
2 0.4716796875 0.15226939970717424 0.041015625 0.06734992679355783
0 0.42919921875 0.30600292825768666 0.0498046875 0.06734992679355783
0 0.46875 0.4019033674963397 0.046875 0.06588579795021962
0 0.4453125 0.5783308931185944 0.052734375 0.07906295754026355
0 0.74072265625 0.06222547584187409 0.0439453125 0.0629575402635432
0 0.8203125 0.16471449487554904 0.05078125 0.06588579795021962
2 0.806640625 0.28989751098096633 0.04296875 0.0527086383601757
2 0.703125 0.4267935578330893 0.046875 0.07174231332357248
0 0.79296875 0.6251830161054173 0.048828125 0.043923865300146414

