2 0.13828125 0.1736111111111111 0.0671875 0.11388888888888889
2 0.34375 0.05486111111111111 0.03125 0.06527777777777778
2 0.49453125 0.07152777777777777 0.0359375 0.07083333333333333
0 0.535546875 0.11597222222222223 0.05390625 0.1125
2 0.384765625 0.19375 0.06015625 0.09305555555555556
0 0.362109375 0.3506944444444444 0.07734375 0.1486111111111111
2 0.2 0.36875 0.0625 0.07083333333333333
1 0.1234375 0.8 0.0671875 0.11944444444444445
1 0.308984375 0.4777777777777778 0.07578125 0.1527777777777778
1 0.47578125 0.43819444444444444 0.109375 0.1986111111111111
2 0.626953125 0.22013888888888888 0.04140625 0.07916666666666666
0 0.671875 0.25625 0.0640625 0.12638888888888888
0 0.86328125 0.26875 0.0953125 0.1736111111111111
0 0.714453125 0.6944444444444444 0.11796875 0.2222222222222222

