0 0.033 0.30392156862745096 0.034 0.0873440285204991
0 0.1135 0.2798573975044563 0.047 0.08912655971479501
0 0.2585 0.6212121212121212 0.035 0.062388591800356503
0 0.305 0.4385026737967914 0.038 0.0784313725490196
0 0.349 0.36452762923351156 0.036 0.062388591800356503
0 0.418 0.40998217468805703 0.042 0.06417112299465241
0 0.4665 0.40819964349376114 0.033 0.0570409982174688
0 0.5715 0.3787878787878788 0.033 0.0659536541889483
0 0.638 0.393048128342246 0.034 0.0659536541889483
0 0.723 0.3306595365418895 0.034 0.062388591800356503
2 0.2205 0.33868092691622104 0.037 0.0784313725490196
2 0.3135 0.3538324420677362 0.029 0.0481283422459893
2 0.5325 0.39037433155080214 0.031 0.0677361853832442
2 0.394 0.37076648841354726 0.036 0.0677361853832442

