0 0.0328125 0.35333333333333333 0.064375 0.12222222222222222
0 0.078125 0.2633333333333333 0.06375 0.12
2 0.2240625 0.21888888888888888 0.071875 0.10222222222222223
0 0.3453125 0.20222222222222222 0.048125 0.08
0 0.41875 0.18944444444444444 0.07 0.08333333333333333
0 0.4125 0.34 0.07375 0.1111111111111111
0 0.1803125 0.37722222222222224 0.109375 0.18555555555555556
0 0.5275 0.345 0.08125 0.12777777777777777
0 0.815625 0.41888888888888887 0.08625 0.15777777777777777
2 0.6734375 0.25222222222222224 0.066875 0.10888888888888888

