0 0.20166015625 0.29280575539568343 0.0439453125 0.0618705035971223
0 0.3203125 0.2906474820143885 0.044921875 0.06618705035971223
0 0.43408203125 0.3158273381294964 0.0556640625 0.07625899280575539
0 0.1005859375 0.27841726618705037 0.025390625 0.04748201438848921
0 0.314453125 0.22589928057553957 0.03125 0.04892086330935252
0 0.24462890625 0.23381294964028776 0.0205078125 0.03884892086330935
0 0.40478515625 0.25971223021582734 0.0458984375 0.07625899280575539
0 0.8603515625 0.28776978417266186 0.044921875 0.06618705035971223
0 0.703125 0.2446043165467626 0.04296875 0.06330935251798561
0 0.60107421875 0.25539568345323743 0.0419921875 0.06474820143884892
2 0.76318359375 0.26618705035971224 0.0361328125 0.08345323741007195
0 0.89892578125 0.2223021582733813 0.0283203125 0.050359712230215826
0 0.10205078125 0.3302158273381295 0.0185546875 0.05611510791366906

