1 0.24 0.22014925373134328 0.06875 0.11940298507462686
0 0.38125 0.2957089552238806 0.06875 0.10634328358208955
0 0.4859375 0.2957089552238806 0.048125 0.07276119402985075
0 0.59375 0.2868470149253731 0.05 0.07742537313432836
0 0.6378125 0.3087686567164179 0.030625 0.054104477611940295
0 0.668125 0.2756529850746269 0.02625 0.049440298507462684
2 0.7128125 0.2835820895522388 0.013125 0.026119402985074626
2 0.73 0.2789179104477612 0.0125 0.022388059701492536
0 0.79125 0.2905783582089552 0.01375 0.02332089552238806

