2 0.13185714285714287 0.9124531835205992 0.046 0.06835205992509363
2 0.02957142857142857 0.6786048689138576 0.040285714285714286 0.06413857677902622
2 0.15071428571428572 0.6860955056179775 0.03857142857142857 0.06601123595505617
2 0.04342857142857143 0.5756086142322098 0.03371428571428572 0.05852059925093633
2 0.16442857142857142 0.5346441947565543 0.04314285714285714 0.06460674157303371
2 0.05771428571428571 0.4386704119850187 0.036 0.0599250936329588
2 0.16342857142857142 0.4421816479400749 0.03485714285714286 0.04073033707865169
2 0.20242857142857143 0.38670411985018727 0.034 0.05149812734082397
2 0.06485714285714286 0.2902621722846442 0.03257142857142857 0.052434456928838954
2 0.09771428571428571 0.2418071161048689 0.026285714285714287 0.04073033707865169
2 0.211 0.26006554307116103 0.03514285714285714 0.05758426966292135
2 0.11885714285714286 0.11704119850187265 0.032 0.047752808988764044
2 0.20857142857142857 0.13295880149812733 0.03314285714285714 0.0552434456928839
2 0.22785714285714287 0.06647940074906367 0.030571428571428572 0.04681647940074907
2 0.39571428571428574 0.12476591760299625 0.017714285714285714 0.041666666666666664
0 0.47085714285714286 0.10955056179775281 0.02057142857142857 0.04400749063670412
0 0.517 0.09714419475655431 0.022571428571428572 0.04260299625468165
2 0.4542857142857143 0.14396067415730338 0.02857142857142857 0.04447565543071161
2 0.45785714285714285 0.2024812734082397 0.026571428571428572 0.04447565543071161
0 0.43785714285714283 0.3022003745318352 0.02942857142857143 0.041666666666666664
2 0.474 0.352059925093633 0.02057142857142857 0.047752808988764044
2 0.45357142857142857 0.4035580524344569 0.022 0.047752808988764044
2 0.4561428571428571 0.4911048689138577 0.031142857142857142 0.05337078651685393
2 0.4322857142857143 0.5842696629213483 0.037714285714285714 0.054307116104868915
2 0.46685714285714286 0.6587078651685393 0.03257142857142857 0.0449438202247191
2 0.4757142857142857 0.8412921348314607 0.03428571428571429 0.03932584269662921
2 0.492 0.9342228464419475 0.04171428571428572 0.06601123595505617
2 0.46185714285714285 0.9180711610486891 0.015714285714285715 0.04681647940074907
0 0.5227142857142857 0.44592696629213485 0.031142857142857142 0.050093632958801496
2 0.5531428571428572 0.48735955056179775 0.03542857142857143 0.060861423220973786
2 0.5617142857142857 0.3920880149812734 0.03371428571428572 0.05290262172284644
2 0.5342857142857143 0.3862359550561798 0.025142857142857144 0.047752808988764044
2 0.5255714285714286 0.20880149812734083 0.01742857142857143 0.03932584269662921
2 0.546 0.23150749063670412 0.02857142857142857 0.048220973782771535
2 0.5812857142857143 0.1100187265917603 0.026571428571428572 0.04681647940074907
2 0.5885714285714285 0.25163857677902624 0.029142857142857144 0.046348314606741575
2 0.6362857142857142 0.2418071161048689 0.02457142857142857 0.039794007490636704
2 0.6382857142857142 0.34901685393258425 0.03371428571428572 0.050093632958801496
2 0.616 0.5271535580524345 0.029142857142857144 0.03838951310861423
2 0.5621428571428572 0.6725187265917603 0.027714285714285716 0.05664794007490637
2 0.5985714285714285 0.7228464419475655 0.036 0.0599250936329588
2 0.6428571428571429 0.7198033707865169 0.03371428571428572 0.05758426966292135
2 0.6494285714285715 0.5514981273408239 0.03371428571428572 0.05898876404494382
2 0.6385714285714286 0.9447565543071161 0.029142857142857144 0.060861423220973786
2 0.6178571428571429 0.1544943820224719 0.027714285714285716 0.040262172284644196
2 0.6575714285714286 0.12523408239700373 0.019142857142857142 0.037921348314606744
2 0.6481428571428571 0.07186329588014981 0.024285714285714285 0.03136704119850187
2 0.7145714285714285 0.09878277153558053 0.021714285714285714 0.03464419475655431
2 0.6897142857142857 0.13178838951310862 0.025142857142857144 0.03136704119850187
2 0.7191428571428572 0.17532771535580524 0.02857142857142857 0.037921348314606744
2 0.706 0.27715355805243447 0.03371428571428572 0.04400749063670412
2 0.7291428571428571 0.2556179775280899 0.012571428571428572 0.04588014981273408
2 0.7002857142857143 0.37523408239700373 0.03314285714285714 0.041666666666666664
2 0.7302857142857143 0.4229868913857678 0.03314285714285714 0.05196629213483146
2 0.7551428571428571 0.4302434456928839 0.01657142857142857 0.042134831460674156
2 0.7425714285714285 0.5325374531835206 0.03371428571428572 0.05102996254681648
2 0.7348571428571429 0.6713483146067416 0.037142857142857144 0.04400749063670412
2 0.7688571428571429 0.8061797752808989 0.036 0.054307116104868915
2 0.7854285714285715 0.8782771535580525 0.022857142857142857 0.03464419475655431
2 0.8021428571428572 0.9721441947565543 0.03457142857142857 0.05571161048689138
2 0.7594285714285715 0.10182584269662921 0.017142857142857144 0.02855805243445693

