0 0.11 0.5635714285714286 0.11142857142857143 0.17285714285714285
0 0.2057142857142857 0.8157142857142857 0.1219047619047619 0.2
0 0.3161904761904762 0.4735714285714286 0.06666666666666667 0.10714285714285714
0 0.23809523809523808 0.47714285714285715 0.049523809523809526 0.06571428571428571
0 0.3057142857142857 0.3457142857142857 0.047619047619047616 0.07714285714285714
0 0.4176190476190476 0.37785714285714284 0.04476190476190476 0.09285714285714286
0 0.38095238095238093 0.3442857142857143 0.02857142857142857 0.045714285714285714
0 0.4785714285714286 0.5 0.06952380952380953 0.12
0 0.6214285714285714 0.39 0.06761904761904762 0.12
0 0.7728571428571429 0.34714285714285714 0.05047619047619047 0.09428571428571429
0 0.7609523809523809 0.6 0.09333333333333334 0.14
0 0.8585714285714285 0.8871428571428571 0.1457142857142857 0.20285714285714285
0 0.8895238095238095 0.37785714285714284 0.04 0.07285714285714286
0 0.9514285714285714 0.45357142857142857 0.049523809523809526 0.06714285714285714
0 0.959047619047619 0.7128571428571429 0.08190476190476191 0.21428571428571427
0 0.6866666666666666 0.41928571428571426 0.0419047619047619 0.07
0 0.9528571428571428 0.3535714285714286 0.037142857142857144 0.047142857142857146

