0 0.0975 0.2388888888888889 0.05125 0.06222222222222222
0 0.2625 0.2061111111111111 0.045 0.06555555555555556
0 0.1559375 0.29 0.020625 0.04
0 0.3378125 0.24888888888888888 0.025625 0.04888888888888889
0 0.4253125 0.2388888888888889 0.036875 0.08
0 0.53125 0.25833333333333336 0.04 0.08555555555555555
0 0.713125 0.2627777777777778 0.02875 0.08333333333333333
0 0.8634375 0.2461111111111111 0.038125 0.07666666666666666
0 0.583125 0.3383333333333333 0.01 0.021111111111111112
0 0.9890625 0.3605555555555556 0.011875 0.021111111111111112
0 0.9765625 0.3688888888888889 0.014375 0.02666666666666667

