0 0.669 0.6586538461538461 0.122 0.18818681318681318
0 0.803 0.5590659340659341 0.132 0.19505494505494506
0 0.9425 0.45467032967032966 0.059 0.1043956043956044
0 0.828 0.25824175824175827 0.066 0.08516483516483517
0 0.931 0.22115384615384615 0.034 0.06868131868131869
0 0.6865 0.3646978021978022 0.079 0.11126373626373626
0 0.6315 0.19848901098901098 0.043 0.07554945054945054
0 0.5635 0.4519230769230769 0.073 0.11263736263736264
0 0.3685 0.4567307692307692 0.073 0.12225274725274725
0 0.509 0.3633241758241758 0.06 0.0782967032967033
0 0.2515 0.41964285714285715 0.061 0.07554945054945054
0 0.1185 0.5274725274725275 0.073 0.11813186813186813
0 0.0515 0.38186813186813184 0.055 0.07967032967032966
0 0.2395 0.22252747252747251 0.057 0.07142857142857142
0 0.358 0.16964285714285715 0.052 0.07554945054945054
0 0.4785 0.2184065934065934 0.029 0.057692307692307696
0 0.533 0.25686813186813184 0.034 0.06043956043956044
0 0.1425 0.17307692307692307 0.057 0.07417582417582418

