0 0.0221875 0.48922211808809746 0.041875 0.07872539831302718
0 0.0875 0.4536082474226804 0.045 0.06935332708528585
0 0.191875 0.4536082474226804 0.0475 0.07310215557638237
0 0.28625 0.4259606373008435 0.0425 0.06279287722586692
0 0.348125 0.44892221180880976 0.04625 0.08247422680412371
0 0.4834375 0.46719775070290537 0.045625 0.07591377694470477
0 0.5040625 0.4259606373008435 0.028125 0.08528584817244611
0 0.6134375 0.43908153701968133 0.025625 0.04779756326148079
0 0.691875 0.33083411433926896 0.05 0.09372071227741331
0 0.87 0.3542642924086223 0.05875 0.08809746954076851
0 0.9915625 0.3781630740393627 0.016875 0.07403936269915651
0 0.9265625 0.3744142455482662 0.046875 0.07778819119025304
2 0.6384375 0.44611059044048734 0.034375 0.07310215557638237
2 0.404375 0.49203373945641987 0.04375 0.07310215557638237
2 0.2596875 0.4690721649484536 0.046875 0.08341143392689784

