0 0.056640625 0.2250733137829912 0.0703125 0.08651026392961877
0 0.18994140625 0.20821114369501467 0.0654296875 0.09970674486803519
0 0.314453125 0.20381231671554254 0.068359375 0.09970674486803519
0 0.40576171875 0.23973607038123168 0.0615234375 0.0689149560117302
0 0.45703125 0.24413489736070382 0.0625 0.09824046920821114
0 0.7060546875 0.21994134897360704 0.060546875 0.14076246334310852
0 0.84619140625 0.2859237536656892 0.0712890625 0.1348973607038123
0 0.896484375 0.5520527859237536 0.078125 0.14516129032258066
0 0.80859375 0.6356304985337243 0.083984375 0.11290322580645161
0 0.61083984375 0.6136363636363636 0.0712890625 0.1187683284457478
0 0.5234375 0.5051319648093842 0.068359375 0.14516129032258066
0 0.34912109375 0.5960410557184751 0.0888671875 0.1158357771260997
0 0.14013671875 0.5065982404692082 0.0732421875 0.12756598240469208

