0 0.08576388888888889 0.26931818181818185 0.04375 0.08636363636363636
0 0.16666666666666666 0.3164772727272727 0.04861111111111111 0.07386363636363637
0 0.30104166666666665 0.23522727272727273 0.02847222222222222 0.05454545454545454
0 0.35520833333333335 0.29772727272727273 0.04652777777777778 0.09772727272727273
0 0.371875 0.23806818181818182 0.03125 0.060227272727272727
0 0.4076388888888889 0.27954545454545454 0.04027777777777778 0.07727272727272727
0 0.45416666666666666 0.4772727272727273 0.04861111111111111 0.08409090909090909
0 0.43506944444444445 0.25625 0.014583333333333334 0.060227272727272727
0 0.4791666666666667 0.2755681818181818 0.027777777777777776 0.060227272727272727
0 0.5270833333333333 0.26931818181818185 0.030555555555555555 0.06818181818181818
0 0.5600694444444444 0.2761363636363636 0.04236111111111111 0.07954545454545454
0 0.6131944444444445 0.30568181818181817 0.03888888888888889 0.0659090909090909
0 0.6510416666666666 0.33295454545454545 0.03819444444444445 0.07727272727272727
0 0.7142361111111111 0.35454545454545455 0.05347222222222222 0.08409090909090909
0 0.7208333333333333 0.21704545454545454 0.022222222222222223 0.056818181818181816
0 0.7694444444444445 0.2585227272727273 0.03611111111111111 0.0715909090909091
2 0.8086805555555555 0.2590909090909091 0.035416666666666666 0.06136363636363636
0 0.8402777777777778 0.24943181818181817 0.019444444444444445 0.04659090909090909
0 0.8826388888888889 0.23977272727272728 0.041666666666666664 0.06818181818181818
0 0.9402777777777778 0.25795454545454544 0.04722222222222222 0.075

