0 0.064375 0.7136194029850746 0.045 0.07462686567164178
0 0.0515625 0.40298507462686567 0.021875 0.055970149253731345
0 0.1353125 0.39132462686567165 0.033125 0.05503731343283582
2 0.0546875 0.5041977611940298 0.025625 0.0625
2 0.0234375 0.5298507462686567 0.021875 0.07276119402985075
0 0.300625 0.2621268656716418 0.0575 0.08582089552238806
0 0.375 0.2775186567164179 0.05125 0.07742537313432836
0 0.488125 0.2994402985074627 0.0575 0.09514925373134328
0 0.6434375 0.31343283582089554 0.046875 0.08208955223880597
0 0.755 0.28824626865671643 0.05625 0.0914179104477612
0 0.9746875 0.3829291044776119 0.035625 0.05317164179104478
2 0.9753125 0.5027985074626866 0.036875 0.07276119402985075

