0 0.09 0.30134932533733133 0.056 0.08695652173913043
1 0.243 0.35907046476761617 0.048 0.0734632683658171
0 0.345 0.27061469265367316 0.052 0.08545727136431784
0 0.368 0.6836581709145427 0.102 0.19790104947526238
0 0.409 0.4767616191904048 0.086 0.13193403298350825
0 0.534 0.25487256371814093 0.03 0.05997001499250375
0 0.616 0.43553223388305845 0.09 0.15442278860569716
1 0.674 0.20539730134932535 0.034 0.06896551724137931
0 0.6965 0.3058470764617691 0.045 0.07496251874062969
0 0.7725 0.4505247376311844 0.057 0.0944527736131934
0 0.793 0.280359820089955 0.052 0.08095952023988005
0 0.892 0.527736131934033 0.116 0.16491754122938532
0 0.93 0.2128935532233883 0.038 0.05997001499250375
0 0.874 0.2151424287856072 0.04 0.06446776611694154
0 0.0285 0.610944527736132 0.055 0.11544227886056972

