0 0.090625 0.8283333333333334 0.06125 0.08666666666666667
0 0.220625 0.8283333333333334 0.05875 0.08666666666666667
0 0.331875 0.8583333333333333 0.05625 0.08333333333333333
0 0.505625 0.9025 0.06875 0.085
0 0.795625 0.7691666666666667 0.06125 0.075
0 0.95375 0.8383333333333334 0.055 0.05
0 0.665625 0.6616666666666666 0.05875 0.07666666666666666
0 0.85125 0.5091666666666667 0.0475 0.06166666666666667
0 0.980625 0.57 0.03375 0.06333333333333334
0 0.720625 0.505 0.03625 0.05333333333333334
0 0.544375 0.6808333333333333 0.05625 0.07166666666666667
0 0.409375 0.6475 0.05375 0.06833333333333333
0 0.22625 0.59 0.03 0.07666666666666666
0 0.19 0.5766666666666667 0.055 0.08
0 0.121875 0.5733333333333334 0.05125 0.07333333333333333
0 0.01375 0.545 0.025 0.07333333333333333
0 0.02125 0.39416666666666667 0.04 0.045
0 0.13125 0.3925 0.045 0.06166666666666667
0 0.26375 0.43166666666666664 0.04 0.056666666666666664
0 0.345 0.4225 0.045 0.058333333333333334
0 0.470625 0.4825 0.05125 0.06166666666666667
0 0.571875 0.49666666666666665 0.04875 0.06
0 0.96625 0.35583333333333333 0.0425 0.06166666666666667
0 0.815625 0.32 0.02875 0.06
0 0.72375 0.3075 0.04 0.065
0 0.65125 0.30583333333333335 0.045 0.04833333333333333
0 0.53875 0.2525 0.04 0.06166666666666667
0 0.484375 0.25916666666666666 0.03375 0.06166666666666667
0 0.374375 0.21666666666666667 0.03375 0.06
0 0.293125 0.23333333333333334 0.03375 0.05333333333333334
0 0.180625 0.20583333333333334 0.03125 0.051666666666666666
0 0.086875 0.20333333333333334 0.03875 0.06333333333333334
0 0.02 0.19333333333333333 0.0375 0.056666666666666664
0 0.01875 0.09833333333333333 0.03 0.04666666666666667
0 0.1175 0.10666666666666667 0.0225 0.04666666666666667
0 0.208125 0.1425 0.03375 0.051666666666666666
0 0.334375 0.1475 0.02875 0.055
0 0.485 0.12083333333333333 0.0275 0.055
0 0.575 0.15333333333333332 0.035 0.06
0 0.696875 0.18166666666666667 0.03625 0.06
0 0.789375 0.16083333333333333 0.03875 0.065
0 0.901875 0.195 0.03625 0.056666666666666664
0 0.986875 0.21166666666666667 0.02625 0.06
0 0.816875 0.0625 0.03125 0.04833333333333333
0 0.741875 0.07083333333333333 0.03625 0.051666666666666666
0 0.6425 0.06416666666666666 0.0325 0.055
0 0.59875 0.021666666666666667 0.025 0.04
0 0.515625 0.059166666666666666 0.03375 0.045
0 0.448125 0.06166666666666667 0.03375 0.04
0 0.380625 0.04833333333333333 0.03375 0.04666666666666667
0 0.29375 0.03333333333333333 0.0375 0.04666666666666667
0 0.17625 0.05416666666666667 0.025 0.03833333333333333
0 0.111875 0.025 0.02375 0.04666666666666667

