0 0.077734375 0.6472222222222223 0.13359375 0.2861111111111111
0 0.325 0.3923611111111111 0.0296875 0.059722222222222225
0 0.407421875 0.4 0.03359375 0.075
0 0.546484375 0.31805555555555554 0.03203125 0.06111111111111111
0 0.13359375 0.40902777777777777 0.015625 0.029166666666666667
0 0.4421875 0.3659722222222222 0.0140625 0.029166666666666667
0 0.490234375 0.36666666666666664 0.01640625 0.03611111111111111
0 0.641796875 0.3416666666666667 0.01953125 0.025
0 0.703125 0.3590277777777778 0.0296875 0.05138888888888889
0 0.9 0.3020833333333333 0.171875 0.32083333333333336
2 0.73203125 0.3076388888888889 0.0140625 0.034722222222222224
0 0.215625 0.4 0.0109375 0.03611111111111111

