0 0.073125 0.06848030018761726 0.02625 0.04690431519699812
0 0.14875 0.05347091932457786 0.025 0.039399624765478425
0 0.310625 0.08442776735459662 0.02625 0.05628517823639775
0 0.42875 0.03189493433395872 0.0275 0.0450281425891182
0 0.066875 0.2026266416510319 0.03125 0.0525328330206379
0 0.146875 0.1697936210131332 0.03125 0.04690431519699812
0 0.28125 0.1622889305816135 0.03 0.05065666041275797
0 0.303125 0.23076923076923078 0.02875 0.0450281425891182
0 0.24125 0.30956848030018763 0.0325 0.0450281425891182
0 0.079375 0.29362101313320826 0.03625 0.054409005628517824
0 0.035625 0.3630393996247655 0.03375 0.054409005628517824
0 0.105 0.4146341463414634 0.035 0.0450281425891182
0 0.1025 0.48592870544090055 0.03 0.0600375234521576
0 0.164375 0.5168855534709194 0.03375 0.058161350844277676
0 0.173125 0.5984990619136961 0.04375 0.06378986866791744
0 0.125 0.799249530956848 0.045 0.0600375234521576
0 0.15 0.924953095684803 0.045 0.07129455909943715
0 0.2525 0.873358348968105 0.045 0.058161350844277676
0 0.3275 0.5037523452157598 0.04 0.054409005628517824
0 0.348125 0.3602251407129456 0.03125 0.04878048780487805
0 0.378125 0.8208255159474672 0.04625 0.07317073170731707
0 0.4425 0.5647279549718575 0.0375 0.0675422138836773
0 0.50125 0.09943714821763602 0.0275 0.03377110694183865
0 0.525625 0.1575984990619137 0.02875 0.0450281425891182
0 0.589375 0.1125703564727955 0.02875 0.0450281425891182
0 0.563125 0.20356472795497185 0.03125 0.04690431519699812
0 0.65875 0.19136960600375236 0.03 0.0450281425891182
0 0.63375 0.2523452157598499 0.035 0.058161350844277676
0 0.598125 0.4052532833020638 0.03375 0.05628517823639775
0 0.55 0.49530956848030017 0.035 0.06378986866791744
0 0.715625 0.7945590994371482 0.04375 0.07317073170731707
0 0.769375 0.3780487804878049 0.03625 0.06191369606003752
0 0.7975 0.5487804878048781 0.0375 0.058161350844277676
0 0.786875 0.04596622889305816 0.02875 0.039399624765478425
0 0.81375 0.02626641651031895 0.0225 0.0450281425891182
2 0.926875 0.06378986866791744 0.02125 0.0450281425891182
0 0.839375 0.1125703564727955 0.02625 0.0375234521575985
0 0.956875 0.3517823639774859 0.02875 0.039399624765478425
0 0.8975 0.49437148217636023 0.035 0.058161350844277676
0 0.9175 0.6913696060037523 0.03 0.054409005628517824
0 0.95375 0.7410881801125704 0.04 0.05628517823639775

