2 0.13694444444444445 0.4442250740375123 0.06388888888888888 0.10661401776900296
2 0.14222222222222222 0.30157946692991117 0.056666666666666664 0.08588351431391905
0 0.21611111111111111 0.2833168805528134 0.04888888888888889 0.06910167818361303
2 0.2747222222222222 0.3445212240868707 0.04611111111111111 0.0769990128331688
0 0.30694444444444446 0.2660414610069102 0.045 0.08390918065153011
2 0.23583333333333334 0.19792694965449162 0.051666666666666666 0.1016781836130306
0 0.12833333333333333 0.6263573543928924 0.051111111111111114 0.14313919052319843
2 0.19416666666666665 0.6836130306021717 0.07611111111111112 0.14708785784797632
2 0.2644444444444444 0.7961500493583415 0.07555555555555556 0.15695952615992104
0 0.3705555555555556 0.8726554787759131 0.09888888888888889 0.18756169792694966
0 0.3713888888888889 0.5157946692991116 0.065 0.13129318854886476
0 0.36972222222222223 0.34797630799605134 0.06166666666666667 0.087857847976308
2 0.3675 0.17818361303060218 0.03833333333333333 0.0700888450148075
0 0.4633333333333333 0.1895360315893386 0.043333333333333335 0.0947680157946693
0 0.44333333333333336 0.2443237907206318 0.03111111111111111 0.087857847976308
0 0.5111111111111111 0.1885488647581441 0.042222222222222223 0.08489634748272458
2 0.5719444444444445 0.1347482724580454 0.04055555555555555 0.08193484698914116
2 0.62 0.2102665350444225 0.06333333333333334 0.1125370187561698
0 0.46444444444444444 0.4521224086870681 0.05555555555555555 0.10463968410661402
0 0.4563888888888889 0.6258637709772952 0.06388888888888888 0.10266535044422508
0 0.5636111111111111 0.5098716683119447 0.06277777777777778 0.12931885488647582
2 0.4825 0.8035538005923001 0.04388888888888889 0.10661401776900296
2 0.43277777777777776 0.8385982230997039 0.04111111111111111 0.15695952615992104
0 0.6161111111111112 0.9076999012833169 0.08888888888888889 0.1648568608094768
0 0.6441666666666667 0.562685093780849 0.07055555555555555 0.12240868706811452
0 0.7033333333333334 0.788746298124383 0.05333333333333334 0.1539980256663376
0 0.6791666666666667 0.4091806515301086 0.050555555555555555 0.09575518262586377
0 0.7575 0.5281342546890424 0.058333333333333334 0.1125370187561698
2 0.6786111111111112 0.12142152023692004 0.049444444444444444 0.08687068114511352
2 0.6769444444444445 0.24234945705824285 0.03833333333333333 0.06614017769002961
2 0.7263888888888889 0.1510365251727542 0.045 0.0769990128331688
0 0.8197222222222222 0.11599210266535044 0.035 0.07996051332675222
2 0.7622222222222222 0.25666337611056267 0.044444444444444446 0.08094768015794669
0 0.8397222222222223 0.5078973346495558 0.06944444444444445 0.07996051332675222
2 0.8925 0.7423494570582428 0.08055555555555556 0.12438302073050346

