0 0.08333333333333333 0.3157142857142857 0.04666666666666667 0.07428571428571429
0 0.14714285714285713 0.2835714285714286 0.037142857142857144 0.06142857142857143
0 0.1976190476190476 0.25 0.029523809523809525 0.04857142857142857
0 0.2671428571428571 0.32571428571428573 0.04857142857142857 0.07142857142857142
0 0.4195238095238095 0.3157142857142857 0.04666666666666667 0.07142857142857142
0 0.5066666666666667 0.24714285714285714 0.08190476190476191 0.13428571428571429
0 0.6038095238095238 0.24071428571428571 0.0419047619047619 0.08714285714285715
0 0.6952380952380952 0.3242857142857143 0.02857142857142857 0.045714285714285714
0 0.7619047619047619 0.2792857142857143 0.0419047619047619 0.07285714285714286
0 0.8523809523809524 0.33071428571428574 0.03619047619047619 0.06142857142857143
0 0.9366666666666666 0.3028571428571429 0.035238095238095235 0.06285714285714286
0 0.9709523809523809 0.29285714285714287 0.02 0.04857142857142857
0 0.27904761904761904 0.23785714285714285 0.02857142857142857 0.03571428571428571

