0 0.08740234375 0.1675347222222222 0.0576171875 0.1232638888888889
0 0.296875 0.2048611111111111 0.0390625 0.0798611111111111
0 0.392578125 0.2326388888888889 0.064453125 0.125
0 0.51220703125 0.14930555555555555 0.0517578125 0.10416666666666667
0 0.66748046875 0.2881944444444444 0.0263671875 0.04513888888888889
0 0.78662109375 0.2526041666666667 0.0185546875 0.03993055555555555
0 0.82373046875 0.234375 0.0341796875 0.06597222222222222
0 0.86083984375 0.17708333333333334 0.0458984375 0.0798611111111111
0 0.9140625 0.1657986111111111 0.0625 0.109375

