0 0.0874 0.3308338332333533 0.0396 0.07978404319136173
0 0.4172 0.27834433113377327 0.04 0.0647870425914817
0 0.4482 0.15836832633473305 0.0284 0.06958608278344332
0 0.5206 0.1832633473305339 0.0332 0.07018596280743851
2 0.605 0.1820635872825435 0.0284 0.0629874025194961
1 0.6424 0.20335932813437313 0.0432 0.08038392321535692
0 0.759 0.17096580683863227 0.0332 0.059988002399520096
0 0.8458 0.22345530893821236 0.0332 0.07018596280743851
0 0.949 0.20335932813437313 0.0268 0.059988002399520096
1 0.9798 0.2006598680263947 0.0348 0.07498500299940011

