0 0.18833333333333332 0.29634146341463413 0.05333333333333334 0.07560975609756097
0 0.40291666666666665 0.2682926829268293 0.06583333333333333 0.1024390243902439
0 0.5729166666666666 0.2652439024390244 0.05583333333333333 0.08658536585365853
2 0.7525 0.26707317073170733 0.05333333333333334 0.07317073170731707
2 0.9516666666666667 0.2896341463414634 0.051666666666666666 0.06951219512195123
2 0.9658333333333333 0.0871951219512195 0.03333333333333333 0.045121951219512194
2 0.6354166666666666 0.04207317073170732 0.0175 0.04024390243902439
2 0.5729166666666666 0.05426829268292683 0.014166666666666666 0.03048780487804878
2 0.8195833333333333 0.12560975609756098 0.0125 0.026829268292682926
2 0.745 0.12439024390243902 0.015 0.02195121951219512
2 0.7075 0.11646341463414635 0.015 0.023170731707317073
0 0.4370833333333333 0.10121951219512196 0.0175 0.02926829268292683
2 0.36833333333333335 0.12012195121951219 0.015 0.020731707317073172
2 0.21416666666666667 0.1 0.016666666666666666 0.024390243902439025
2 0.15291666666666667 0.10304878048780487 0.019166666666666665 0.032926829268292684
2 0.06916666666666667 0.09573170731707317 0.013333333333333334 0.03048780487804878
2 0.013333333333333334 0.09268292682926829 0.02 0.026829268292682926

