0 0.8420138888888888 0.4466145833333333 0.109375 0.10677083333333333
0 0.6788194444444444 0.34375 0.07291666666666667 0.13020833333333334
0 0.6141493055555556 0.3326822916666667 0.07378472222222222 0.11848958333333333
0 0.54296875 0.2923177083333333 0.0703125 0.11067708333333333
0 0.4366319444444444 0.2975260416666667 0.0642361111111111 0.10546875
0 0.3958333333333333 0.28125 0.036458333333333336 0.09895833333333333
0 0.3615451388888889 0.2923177083333333 0.035590277777777776 0.08723958333333333
0 0.3051215277777778 0.203125 0.0546875 0.09114583333333333
0 0.2608506944444444 0.24934895833333334 0.05295138888888889 0.08203125
0 0.1193576388888889 0.265625 0.033854166666666664 0.057291666666666664
0 0.024739583333333332 0.234375 0.0390625 0.06770833333333333

