0 0.26742919389978215 0.1067193675889328 0.02505446623093682 0.06324110671936758
0 0.23638344226579522 0.15019762845849802 0.0392156862745098 0.07114624505928854
0 0.1644880174291939 0.6363636363636364 0.0784313725490196 0.1383399209486166
0 0.3382352941176471 0.5247035573122529 0.06209150326797386 0.12450592885375494
0 0.420479302832244 0.3132411067193676 0.054466230936819175 0.11264822134387352
0 0.40305010893246185 0.03557312252964427 0.0196078431372549 0.03557312252964427
0 0.45806100217864926 0.05237154150197629 0.018518518518518517 0.045454545454545456
0 0.5571895424836601 0.0800395256916996 0.03159041394335512 0.04940711462450593
0 0.5435729847494554 0.25395256916996045 0.05228758169934641 0.10869565217391304
0 0.5713507625272332 0.4268774703557312 0.06427015250544663 0.1225296442687747
0 0.6541394335511983 0.24703557312252963 0.05773420479302832 0.11067193675889328
2 0.7505446623093682 0.1274703557312253 0.030501089324618737 0.05731225296442688
0 0.8131808278867102 0.1600790513833992 0.03594771241830065 0.07905138339920949
0 0.7892156862745098 0.046442687747035576 0.027233115468409588 0.0533596837944664
0 0.8534858387799564 0.040513833992094864 0.03376906318082789 0.06126482213438735
0 0.9014161220043573 0.06818181818181818 0.03376906318082789 0.045454545454545456

