0 0.08625 0.2945590994371482 0.0575 0.0900562851782364
0 0.225625 0.3780487804878049 0.06125 0.08067542213883677
0 0.294375 0.33583489681050654 0.04625 0.07879924953095685
0 0.3675 0.36866791744840527 0.055 0.08442776735459662
0 0.4775 0.44934333958724204 0.065 0.09943714821763602
0 0.6625 0.4352720450281426 0.0575 0.08630393996247655
0 0.579375 0.33114446529080677 0.05625 0.08067542213883677
0 0.441875 0.3602251407129456 0.02875 0.07879924953095685
0 0.490625 0.350844277673546 0.06125 0.07129455909943715

