0 0.11979166666666667 0.6125 0.07013888888888889 0.08541666666666667
0 0.2465277777777778 0.5625 0.06111111111111111 0.07916666666666666
0 0.3125 0.534375 0.04722222222222222 0.07291666666666667
0 0.38125 0.8239583333333333 0.075 0.1
0 0.47256944444444443 0.4734375 0.06458333333333334 0.08645833333333333
0 0.7670138888888889 0.4625 0.0798611111111111 0.10833333333333334
0 0.9319444444444445 0.5328125 0.03888888888888889 0.07395833333333333
0 0.5302083333333333 0.3927083333333333 0.03680555555555556 0.075
0 0.6229166666666667 0.35572916666666665 0.025 0.06354166666666666
0 0.5600694444444444 0.26145833333333335 0.035416666666666666 0.05625
0 0.4621527777777778 0.2296875 0.025694444444444443 0.046875
0 0.16111111111111112 0.4432291666666667 0.03333333333333333 0.065625
1 0.2701388888888889 0.36875 0.03611111111111111 0.04791666666666667
0 0.14895833333333333 0.3625 0.025694444444444443 0.03958333333333333
0 0.35520833333333335 0.41822916666666665 0.04236111111111111 0.057291666666666664
0 0.31145833333333334 0.259375 0.021527777777777778 0.04375
0 0.15104166666666666 0.2526041666666667 0.025694444444444443 0.042708333333333334
0 0.209375 0.32135416666666666 0.024305555555555556 0.036458333333333336
0 0.09513888888888888 0.34270833333333334 0.022222222222222223 0.03958333333333333
0 0.0763888888888889 0.2833333333333333 0.018055555555555554 0.03125
0 0.22361111111111112 0.2140625 0.020833333333333332 0.030208333333333334

