0 0.0965 0.7539964476021315 0.169 0.32149200710479575
0 0.2635 0.6172291296625222 0.103 0.19005328596802842
2 0.3025 0.38010657193605685 0.065 0.11012433392539965
0 0.4115 0.5150976909413855 0.085 0.1492007104795737
2 0.4775 0.3552397868561279 0.035 0.1172291296625222
0 0.5485 0.42362344582593253 0.109 0.21492007104795738
0 0.6445 0.4227353463587922 0.087 0.1811722912966252
2 0.674 0.13765541740674955 0.044 0.08348134991119005
0 0.865 0.21403197158081705 0.048 0.0763765541740675
0 0.9195 0.18383658969804617 0.053 0.10124333925399645
0 0.74 0.31527531083481347 0.048 0.08703374777975133
0 0.783 0.4200710479573712 0.072 0.1438721136767318
0 0.9605 0.4404973357015986 0.067 0.1349911190053286
0 0.7545 0.9147424511545293 0.133 0.1705150976909414
0 0.4425 0.10213143872113677 0.033 0.055062166962699825
2 0.597 0.13587921847246892 0.032 0.07282415630550622
2 0.7785 0.050621669626998225 0.031 0.047957371225577264

