0 0.11312849162011174 0.7125199362041468 0.08435754189944134 0.11722488038277512
0 0.1547486033519553 0.638755980861244 0.060335195530726256 0.10207336523125997
0 0.30614525139664805 0.6822169059011164 0.08044692737430167 0.11722488038277512
0 0.47737430167597766 0.5745614035087719 0.049720670391061456 0.07416267942583732
0 0.5472067039106145 0.7360446570972887 0.08547486033519552 0.13078149920255183
0 0.6002793296089386 0.6949760765550239 0.03407821229050279 0.08851674641148326
0 0.6539106145251397 0.6363636363636364 0.04636871508379888 0.07017543859649122
0 0.7463687150837989 0.779505582137161 0.07932960893854749 0.11244019138755981
0 0.8717877094972067 0.7065390749601276 0.05977653631284916 0.08452950558213716

