0 0.0435 0.23423423423423423 0.077 0.13813813813813813
0 0.243 0.37762762762762764 0.074 0.12462462462462462
0 0.416 0.4496996996996997 0.074 0.11861861861861862
0 0.5765 0.41066066066066065 0.063 0.13063063063063063
0 0.7055 0.4016516516516517 0.073 0.1036036036036036
0 0.822 0.4069069069069069 0.066 0.0990990990990991
0 0.876 0.3813813813813814 0.032 0.07207207207207207
2 0.9255 0.38963963963963966 0.055 0.08858858858858859
2 0.5055 0.3213213213213213 0.069 0.09009009009009009
2 0.645 0.3588588588588589 0.042 0.1021021021021021

