0 0.3857421875 0.4670138888888889 0.056640625 0.11805555555555555
0 0.38232421875 0.2612847222222222 0.0791015625 0.07118055555555555
0 0.646484375 0.6753472222222222 0.060546875 0.15625
0 0.5791015625 0.53125 0.0390625 0.13194444444444445
0 0.6953125 0.2630208333333333 0.025390625 0.046875
1 0.26513671875 0.24131944444444445 0.0302734375 0.05555555555555555
2 0.08447265625 0.2387152777777778 0.0205078125 0.036458333333333336
2 0.5087890625 0.21788194444444445 0.02734375 0.057291666666666664
2 0.75390625 0.1996527777777778 0.01953125 0.05555555555555555
2 0.57763671875 0.3975694444444444 0.0380859375 0.0625
0 0.892578125 0.3420138888888889 0.025390625 0.041666666666666664
2 0.93408203125 0.3697916666666667 0.0380859375 0.06944444444444445
2 0.939453125 0.4939236111111111 0.02734375 0.09895833333333333
2 0.9658203125 0.3619791666666667 0.03125 0.050347222222222224

