0 0.19482421875 0.24816983894582723 0.0869140625 0.20937042459736457
0 0.28076171875 0.2964860907759883 0.1162109375 0.22693997071742314
0 0.43603515625 0.2840409956076135 0.0888671875 0.19619326500732065
0 0.54541015625 0.34699853587115664 0.0712890625 0.15226939970717424
0 0.65380859375 0.23060029282576866 0.0576171875 0.1478770131771596
0 0.7431640625 0.32723279648609077 0.064453125 0.12445095168374817
1 0.79736328125 0.3103953147877013 0.0400390625 0.10834553440702782
0 0.8193359375 0.27379209370424595 0.033203125 0.09077598828696926
0 0.87109375 0.3162518301610542 0.037109375 0.07613469985358712

