0 0.0634765625 0.2378472222222222 0.11328125 0.2222222222222222
0 0.3408203125 0.3776041666666667 0.078125 0.1545138888888889
0 0.42626953125 0.21961805555555555 0.0341796875 0.08854166666666667
0 0.5205078125 0.2404513888888889 0.068359375 0.1371527777777778
0 0.89794921875 0.2647569444444444 0.0380859375 0.06770833333333333
2 0.96240234375 0.2760416666666667 0.0341796875 0.0763888888888889
2 0.7822265625 0.24479166666666666 0.041015625 0.08333333333333333
2 0.72021484375 0.2361111111111111 0.0380859375 0.08680555555555555
2 0.6416015625 0.23958333333333334 0.04296875 0.1076388888888889
2 0.21435546875 0.2552083333333333 0.0556640625 0.10069444444444445
2 0.15625 0.24913194444444445 0.0234375 0.046875

