0 0.399 0.25444839857651247 0.07 0.12811387900355872
0 0.54 0.3959074733096085 0.058 0.10854092526690391
0 0.2895 0.8905693950177936 0.131 0.2188612099644128
0 0.5375 0.9341637010676157 0.121 0.13167259786476868
0 0.84 0.20284697508896798 0.058 0.10676156583629894
0 0.6455 0.15391459074733096 0.063 0.10142348754448399
0 0.725 0.1592526690391459 0.06 0.1298932384341637
0 0.5135 0.25444839857651247 0.063 0.12811387900355872
0 0.529 0.04804270462633452 0.026 0.07829181494661921
0 0.4095 0.08807829181494661 0.045 0.08362989323843416
0 0.271 0.033807829181494664 0.03 0.06405693950177936
0 0.1595 0.08807829181494661 0.045 0.07651245551601424
0 0.0515 0.12366548042704627 0.049 0.0693950177935943
0 0.206 0.05516014234875445 0.032 0.06405693950177936
0 0.7885 0.04092526690391459 0.041 0.07829181494661921
2 0.2295 0.12277580071174377 0.037 0.07829181494661921

