0 0.25416666666666665 0.2076167076167076 0.04833333333333333 0.07862407862407862
0 0.39208333333333334 0.24078624078624078 0.030833333333333334 0.04668304668304668
2 0.43041666666666667 0.21928746928746928 0.034166666666666665 0.05036855036855037
2 0.4529166666666667 0.2972972972972973 0.034166666666666665 0.036855036855036855
1 0.5008333333333334 0.24017199017199017 0.03333333333333333 0.060196560196560195
0 0.6075 0.214987714987715 0.021666666666666667 0.04176904176904177
0 0.6429166666666667 0.29484029484029484 0.030833333333333334 0.06142506142506143
0 0.7475 0.2893120393120393 0.03666666666666667 0.07248157248157248
2 0.82625 0.24447174447174447 0.04583333333333333 0.07616707616707617
0 0.9125 0.2880835380835381 0.04833333333333333 0.08230958230958231
2 0.33791666666666664 0.29545454545454547 0.025833333333333333 0.03562653562653563

