0 0.04697286012526096 0.2676174496644295 0.05010438413361169 0.09899328859060402
0 0.1080375782881002 0.2483221476510067 0.059498956158663886 0.09731543624161074
0 0.2766179540709812 0.1476510067114094 0.04592901878914405 0.09395973154362416
0 0.23799582463465555 0.34395973154362414 0.04384133611691023 0.1040268456375839
0 0.31524008350730687 0.3011744966442953 0.05010438413361169 0.09899328859060402
0 0.3966597077244259 0.311241610738255 0.05636743215031315 0.10234899328859061
0 0.44832985386221297 0.23238255033557048 0.05741127348643006 0.09228187919463088
0 0.511482254697286 0.2860738255033557 0.05845511482254697 0.09899328859060402
0 0.5715031315240083 0.2516778523489933 0.059498956158663886 0.1040268456375839
0 0.6931106471816284 0.2802013422818792 0.04801670146137787 0.087248322147651
0 0.7473903966597077 0.2860738255033557 0.04384133611691023 0.10570469798657718
0 0.8392484342379958 0.2525167785234899 0.06471816283924843 0.11241610738255034
0 0.9436325678496869 0.23909395973154363 0.05845511482254697 0.10570469798657718
0 0.34237995824634654 0.1988255033557047 0.05219206680584551 0.09228187919463088
0 0.988517745302714 0.3825503355704698 0.022964509394572025 0.08053691275167785

