2 0.1527777777777778 0.6708333333333333 0.013888888888888888 0.03333333333333333
0 0.21215277777777777 0.6493055555555556 0.017361111111111112 0.0375
0 0.25625 0.7173611111111111 0.011111111111111112 0.020833333333333332
0 0.28229166666666666 0.6736111111111112 0.013194444444444444 0.030555555555555555
0 0.3215277777777778 0.6694444444444444 0.013888888888888888 0.03333333333333333
0 0.33958333333333335 0.6826388888888889 0.011111111111111112 0.03194444444444444
0 0.3638888888888889 0.6791666666666667 0.013888888888888888 0.025
1 0.4375 0.7340277777777777 0.025 0.04861111111111111
0 0.5739583333333333 0.5534722222222223 0.025694444444444443 0.0625
0 0.70625 0.5298611111111111 0.02361111111111111 0.06805555555555555

