2 0.02125 0.21583333333333332 0.035 0.06166666666666667
2 0.0675 0.1875 0.0475 0.07166666666666667
2 0.130625 0.18 0.03125 0.05333333333333334
2 0.135 0.23583333333333334 0.0225 0.075
2 0.06375 0.3925 0.0325 0.06166666666666667
0 0.09375 0.5133333333333333 0.0575 0.09666666666666666
1 0.146875 0.6241666666666666 0.06125 0.105
2 0.284375 0.9541666666666667 0.08375 0.09166666666666666
2 0.284375 0.04833333333333333 0.02875 0.05
2 0.296875 0.16333333333333333 0.04125 0.07
2 0.34875 0.205 0.0325 0.07333333333333333
2 0.38125 0.22 0.03 0.07333333333333333
2 0.2625 0.37916666666666665 0.0425 0.065
0 0.33375 0.5375 0.0475 0.09166666666666666
0 0.415 0.5325 0.0425 0.08833333333333333
2 0.498125 0.2075 0.03375 0.055
2 0.533125 0.20833333333333334 0.02875 0.06
0 0.58625 0.26 0.03 0.09666666666666666
2 0.67375 0.13083333333333333 0.045 0.09166666666666666
2 0.75625 0.16 0.035 0.06333333333333334
0 0.885625 0.1575 0.05375 0.08833333333333333
0 0.87125 0.3125 0.05 0.115
2 0.286875 0.051666666666666666 0.03375 0.04

