0 0.017708333333333333 0.5162037037037037 0.023958333333333335 0.04351851851851852
0 0.07630208333333334 0.8050925925925926 0.022395833333333334 0.03611111111111111
0 0.07473958333333333 0.4949074074074074 0.025520833333333333 0.041666666666666664
0 0.13854166666666667 0.5060185185185185 0.025 0.05277777777777778
2 0.11901041666666666 0.6324074074074074 0.025520833333333333 0.05
2 0.16614583333333333 0.7148148148148148 0.020833333333333332 0.044444444444444446
0 0.13463541666666667 0.37546296296296294 0.024479166666666666 0.04722222222222222
0 0.18489583333333334 0.3851851851851852 0.0125 0.046296296296296294
2 0.146875 0.27175925925925926 0.021875 0.041666666666666664
0 0.0921875 0.15462962962962962 0.017708333333333333 0.03888888888888889
0 0.27421875 0.6888888888888889 0.028645833333333332 0.05740740740740741
0 0.33958333333333335 0.8986111111111111 0.03229166666666667 0.06018518518518518
0 0.30364583333333334 0.6240740740740741 0.026041666666666668 0.053703703703703705
2 0.2989583333333333 0.4837962962962963 0.01875 0.03796296296296296
0 0.2765625 0.41574074074074074 0.020833333333333332 0.044444444444444446
0 0.3729166666666667 0.49166666666666664 0.019791666666666666 0.046296296296296294
0 0.39375 0.7013888888888888 0.028125 0.05462962962962963
0 0.42916666666666664 0.8152777777777778 0.028125 0.06018518518518518
0 0.39817708333333335 0.8023148148148148 0.030729166666666665 0.06018518518518518
0 0.4822916666666667 0.9189814814814815 0.01875 0.04537037037037037
0 0.49296875 0.6587962962962963 0.028645833333333332 0.05648148148148148
0 0.4752604166666667 0.6055555555555555 0.03177083333333333 0.037037037037037035
0 0.45234375 0.45555555555555555 0.025520833333333333 0.046296296296296294
0 0.36041666666666666 0.375 0.026041666666666668 0.04259259259259259
0 0.23229166666666667 0.262037037037037 0.021875 0.03518518518518519
2 0.22135416666666666 0.22175925925925927 0.019791666666666666 0.041666666666666664
2 0.2786458333333333 0.27175925925925926 0.022916666666666665 0.04351851851851852
2 0.3143229166666667 0.2462962962962963 0.019270833333333334 0.03888888888888889
0 0.38359375 0.2759259259259259 0.022395833333333334 0.04259259259259259
0 0.36223958333333334 0.20833333333333334 0.024479166666666666 0.04259259259259259
0 0.27682291666666664 0.08425925925925926 0.0171875 0.03518518518518519
0 0.3145833333333333 0.052314814814814814 0.015625 0.03425925925925926
0 0.34036458333333336 0.16666666666666666 0.019270833333333334 0.03148148148148148
0 0.4161458333333333 0.16111111111111112 0.019791666666666666 0.03333333333333333
0 0.2552083333333333 0.20694444444444443 0.017708333333333333 0.03425925925925926
0 0.4395833333333333 0.3773148148148148 0.025 0.03981481481481482
0 0.4747395833333333 0.3194444444444444 0.021354166666666667 0.046296296296296294
0 0.5075520833333333 0.3685185185185185 0.021354166666666667 0.044444444444444446
0 0.5190104166666667 0.4847222222222222 0.0203125 0.03981481481481482
0 0.6322916666666667 0.8791666666666667 0.03125 0.05648148148148148
0 0.6770833333333334 0.9680555555555556 0.035416666666666666 0.058333333333333334
0 0.62421875 0.5726851851851852 0.0265625 0.041666666666666664
0 0.6317708333333333 0.40694444444444444 0.023958333333333335 0.03796296296296296
0 0.5627604166666667 0.38425925925925924 0.024479166666666666 0.046296296296296294
0 0.5817708333333333 0.3476851851851852 0.019791666666666666 0.03425925925925926
0 0.5872395833333334 0.28379629629629627 0.019270833333333334 0.03611111111111111
0 0.53046875 0.20694444444444443 0.019270833333333334 0.032407407407407406
0 0.33098958333333334 0.017592592592592594 0.0140625 0.02962962962962963
2 0.4205729166666667 0.04861111111111111 0.013020833333333334 0.028703703703703703
0 0.4510416666666667 0.03287037037037037 0.01875 0.03796296296296296
0 0.5192708333333333 0.07777777777777778 0.016666666666666666 0.03518518518518519
0 0.56484375 0.03194444444444444 0.015104166666666667 0.030555555555555555
0 0.6526041666666667 0.1398148148148148 0.019791666666666666 0.037037037037037035
2 0.675 0.11435185185185186 0.016666666666666666 0.028703703703703703
0 0.6640625 0.2828703703703704 0.01875 0.032407407407407406
0 0.70078125 0.39490740740740743 0.0203125 0.03796296296296296
0 0.73203125 0.6148148148148148 0.0296875 0.05185185185185185
0 0.728125 0.44814814814814813 0.022916666666666665 0.044444444444444446
0 0.7513020833333334 0.49444444444444446 0.025520833333333333 0.044444444444444446
0 0.76484375 0.41898148148148145 0.022395833333333334 0.04537037037037037
0 0.7609375 0.5879629629629629 0.021875 0.046296296296296294
0 0.70859375 0.07453703703703704 0.0140625 0.030555555555555555
0 0.6700520833333333 0.016666666666666666 0.0171875 0.03148148148148148
0 0.7346354166666667 0.01712962962962963 0.0109375 0.032407407407407406
0 0.7697916666666667 0.03657407407407407 0.013541666666666667 0.032407407407407406
2 0.77109375 0.0787037037037037 0.015104166666666667 0.03148148148148148
2 0.7434895833333334 0.1587962962962963 0.016145833333333335 0.032407407407407406
0 0.8106770833333333 0.2074074074074074 0.0203125 0.040740740740740744
0 0.8653645833333333 0.11527777777777778 0.019270833333333334 0.030555555555555555
2 0.8765625 0.01574074074074074 0.013541666666666667 0.02962962962962963
0 0.9104166666666667 0.11203703703703703 0.01875 0.03333333333333333
0 0.8955729166666667 0.18425925925925926 0.019270833333333334 0.037037037037037035
0 0.8901041666666667 0.262037037037037 0.020833333333333332 0.040740740740740744
0 0.8575520833333333 0.29259259259259257 0.019270833333333334 0.03888888888888889
0 0.91171875 0.3125 0.021354166666666667 0.041666666666666664
0 0.9520833333333333 0.25092592592592594 0.013541666666666667 0.027777777777777776
0 0.9239583333333333 0.3800925925925926 0.022916666666666665 0.04537037037037037
0 0.95625 0.4587962962962963 0.026041666666666668 0.03981481481481482
0 0.9677083333333333 0.3106481481481482 0.019791666666666666 0.04537037037037037
0 0.85859375 0.0787037037037037 0.013020833333333334 0.027777777777777776
0 0.9890625 0.6796296296296296 0.021875 0.053703703703703705
0 0.98828125 0.587037037037037 0.0234375 0.046296296296296294
0 0.9401041666666666 0.5115740740740741 0.020833333333333332 0.03611111111111111

