0 0.094 0.40015015015015015 0.104 0.16366366366366367
2 0.203 0.4099099099099099 0.072 0.11411411411411411
2 0.2935 0.7019519519519519 0.109 0.15465465465465467
0 0.4755 0.4099099099099099 0.083 0.13813813813813813
0 0.562 0.3153153153153153 0.064 0.11711711711711711
2 0.6645 0.3460960960960961 0.095 0.1066066066066066
0 0.8035 0.3611111111111111 0.047 0.11261261261261261
0 0.8775 0.4271771771771772 0.101 0.16066066066066065
2 0.9805 0.5105105105105106 0.039 0.15015015015015015
0 0.7645 0.8198198198198198 0.127 0.16516516516516516

