2 0.04843462246777164 0.03857493857493857 0.0570902394106814 0.07125307125307126
0 0.04843462246777164 0.34791154791154794 0.053406998158379376 0.0914004914004914
0 0.2434622467771639 0.2643734643734644 0.061878453038674036 0.08058968058968059
0 0.2828729281767956 0.06658476658476659 0.06335174953959484 0.0918918918918919
2 0.061878453038674036 0.471990171990172 0.05009208103130755 0.08501228501228501
0 0.022467771639042358 0.8808353808353808 0.041988950276243095 0.12923832923832923
0 0.09521178637200736 0.7825552825552825 0.0703499079189687 0.11646191646191646
1 0.1438305709023941 0.7132678132678133 0.0570902394106814 0.10761670761670762
0 0.24861878453038674 0.4896805896805897 0.055248618784530384 0.09385749385749385
0 0.49281767955801103 0.13685503685503686 0.061878453038674036 0.07616707616707617
0 0.485451197053407 0.26756756756756755 0.06703499079189687 0.0918918918918919
0 0.5031307550644567 0.42162162162162165 0.061878453038674036 0.0914004914004914
0 0.36666666666666664 0.923095823095823 0.0703499079189687 0.11154791154791155
0 0.5220994475138122 0.7479115479115479 0.0703499079189687 0.0914004914004914
0 0.5766114180478822 0.8228501228501228 0.07550644567219153 0.11154791154791155
0 0.6611418047882136 0.48525798525798525 0.053775322283609574 0.08501228501228501
0 0.6821362799263352 0.2643734643734644 0.061878453038674036 0.08943488943488943
0 0.7767955801104972 0.2587223587223587 0.060405156537753225 0.10073710073710074
0 0.8561694290976058 0.08108108108108109 0.045303867403314914 0.07174447174447174
0 0.9359116022099447 0.33906633906633904 0.06703499079189687 0.08255528255528255
0 0.9668508287292817 0.6385749385749385 0.061878453038674036 0.08697788697788698

