0 0.0325 0.24097472924187727 0.055 0.0812274368231047
0 0.08875 0.27978339350180503 0.0325 0.05415162454873646
0 0.241875 0.2283393501805054 0.03375 0.0631768953068592
0 0.3075 0.23104693140794225 0.05 0.08664259927797834
0 0.345625 0.24187725631768953 0.02875 0.05054151624548736
0 0.395 0.2788808664259928 0.0375 0.05595667870036101
0 0.468125 0.2770758122743682 0.03625 0.052346570397111915
0 0.5675 0.3167870036101083 0.0525 0.0703971119133574
0 0.61625 0.2184115523465704 0.045 0.06498194945848375
0 0.715625 0.23826714801444043 0.03125 0.05415162454873646
0 0.75375 0.2355595667870036 0.0425 0.0703971119133574
0 0.830625 0.32942238267148016 0.04875 0.0703971119133574
0 0.905625 0.26895306859205775 0.04375 0.07942238267148015
0 0.425 0.26353790613718414 0.02 0.036101083032490974

