2 0.10100186393289842 0.2578775805867439 0.06407269338303821 0.10865628395508874
0 0.2353215284249767 0.21206084751901486 0.04193849021435228 0.07352408547627672
0 0.27190121155638397 0.21441506700470844 0.03308480894687791 0.05070626584570807
0 0.3417986952469711 0.19358927924664976 0.03727865796831314 0.0633828323071351
0 0.2124883504193849 0.41198840999637815 0.06896551724137931 0.10612097066280334
0 0.31325722273998136 0.5304237595074248 0.09715750232991613 0.16117348786671495
0 0.3922413793103448 0.20916334661354583 0.025396085740913326 0.04672220210068816
0 0.4147250698974837 0.24266570083303152 0.03308480894687791 0.0572256428830134
0 0.4831081081081081 0.2997102499094531 0.04962721342031687 0.10394784498370156
0 0.5472972972972973 0.21930459978268743 0.03308480894687791 0.07352408547627672
0 0.6729962721342032 0.4367982614994567 0.08597390493942218 0.13763129300977905
0 0.8812907735321528 0.8683448026077508 0.1614631873252563 0.24302788844621515
0 0.7709692451071761 0.28377399492937344 0.05917986952469711 0.09163346613545817

