0 0.6 0.7700559701492538 0.11375 0.16511194029850745
0 0.8084375 0.5592350746268657 0.116875 0.19309701492537312
0 0.95375 0.6156716417910447 0.0675 0.2294776119402985
0 0.9546875 0.23880597014925373 0.064375 0.12686567164179105
0 0.6559375 0.5125932835820896 0.091875 0.15764925373134328
0 0.4084375 0.3871268656716418 0.111875 0.1791044776119403
0 0.2696875 0.33675373134328357 0.081875 0.13619402985074627
0 0.1840625 0.45755597014925375 0.086875 0.1296641791044776
0 0.0815625 0.40158582089552236 0.060625 0.09794776119402986

