0 0.5428286852589641 0.5837070254110612 0.099601593625498 0.15097159940209268
0 0.030876494023904383 0.44469357249626307 0.0199203187250996 0.0343796711509716
0 0.12699203187250996 0.47832585949177875 0.008964143426294821 0.03288490284005979
0 0.23854581673306774 0.47085201793721976 0.012948207171314742 0.029895366218236172
0 0.27091633466135456 0.4588938714499253 0.021912350597609563 0.03288490284005979
0 0.375996015936255 0.47832585949177875 0.014940239043824702 0.03587443946188341
2 0.3471115537848606 0.4491778774289985 0.022908366533864542 0.03736920777279522
0 0.43177290836653387 0.45067264573991034 0.01693227091633466 0.03736920777279522
0 0.49203187250996017 0.45739910313901344 0.0199203187250996 0.03886397608370702
0 0.6523904382470119 0.4671150971599402 0.01593625498007968 0.03736920777279522
0 0.6942231075697212 0.45067264573991034 0.0099601593625498 0.03139013452914798
0 0.7360557768924303 0.47757847533632286 0.013944223107569721 0.03139013452914798
0 0.8710159362549801 0.33408071748878926 0.01693227091633466 0.02242152466367713
0 0.9372509960159362 0.45590433482810166 0.00796812749003984 0.026905829596412557
2 0.8859561752988048 0.4521674140508221 0.01693227091633466 0.0343796711509716
0 0.8884462151394422 0.3976083707025411 0.01593625498007968 0.026905829596412557

