0 0.1290625 0.20988805970149255 0.038125 0.06902985074626866
0 0.24625 0.22388059701492538 0.05125 0.07462686567164178
0 0.34 0.2439365671641791 0.04 0.05690298507462686
0 0.4325 0.12686567164179105 0.05875 0.09701492537313433
0 0.4878125 0.1730410447761194 0.031875 0.04757462686567164
0 0.56125 0.1814365671641791 0.04875 0.07555970149253731
0 0.63125 0.3726679104477612 0.04625 0.07369402985074627
0 0.685625 0.15485074626865672 0.05 0.07649253731343283
0 0.7703125 0.2126865671641791 0.048125 0.07835820895522388
0 0.8378125 0.23180970149253732 0.030625 0.05503731343283582
0 0.879375 0.23274253731343283 0.0425 0.06063432835820896
0 0.904375 0.18330223880597016 0.025 0.04197761194029851
0 0.974375 0.15764925373134328 0.05125 0.08208955223880597

