0 0.13588709677419356 0.46131805157593125 0.10725806451612903 0.20057306590257878
0 0.18225806451612903 0.35816618911174786 0.07419354838709677 0.1489971346704871
0 0.11209677419354838 0.22206303724928367 0.04838709677419355 0.09742120343839542
0 0.3278225806451613 0.4469914040114613 0.15080645161290324 0.2722063037249284
0 0.19596774193548386 0.17048710601719197 0.04838709677419355 0.08595988538681948
0 0.6092741935483871 0.4820916905444126 0.10725806451612903 0.15902578796561603
0 0.6342741935483871 0.17550143266475646 0.06854838709677419 0.10744985673352435
0 0.7536290322580645 0.3230659025787966 0.07983870967741935 0.15329512893982808
0 0.959274193548387 0.22277936962750716 0.0717741935483871 0.1303724928366762
0 0.01935483870967742 0.2521489971346705 0.037096774193548385 0.11174785100286533

