0 0.043333333333333335 0.3175 0.058666666666666666 0.087
0 0.051333333333333335 0.463 0.064 0.086
0 0.156 0.3735 0.08666666666666667 0.155
0 0.24833333333333332 0.395 0.051333333333333335 0.082
0 0.5073333333333333 0.181 0.07333333333333333 0.12
0 0.825 0.326 0.10466666666666667 0.17
0 0.9093333333333333 0.4505 0.04666666666666667 0.081
0 0.7033333333333334 0.45 0.052 0.062
0 0.7606666666666667 0.4335 0.03333333333333333 0.055
0 0.25333333333333335 0.3035 0.052 0.073
0 0.9283333333333333 0.371 0.038 0.056
0 0.945 0.4805 0.03 0.063
0 0.5573333333333333 0.2535 0.032 0.089

