2 0.12415254237288136 0.3017799352750809 0.06525423728813559 0.1343042071197411
2 0.188135593220339 0.42880258899676377 0.06271186440677966 0.10355987055016182
2 0.19322033898305085 0.6043689320388349 0.06779661016949153 0.13754045307443366
2 0.25 0.27346278317152106 0.061016949152542375 0.13268608414239483
2 0.336864406779661 0.5509708737864077 0.07542372881355933 0.1634304207119741
0 0.4483050847457627 0.5833333333333334 0.08983050847457627 0.19902912621359223
2 0.5432203389830509 0.3098705501618123 0.05593220338983051 0.1343042071197411
2 0.6088983050847457 0.6699029126213593 0.08050847457627118 0.15857605177993528
2 0.622457627118644 0.5008090614886731 0.06694915254237288 0.13106796116504854
0 0.8851694915254237 0.6472491909385113 0.08050847457627118 0.18770226537216828
2 0.9627118644067797 0.36003236245954695 0.05423728813559322 0.12135922330097088
2 0.6953389830508474 0.1553398058252427 0.053389830508474574 0.10679611650485436
2 0.8830508474576271 0.20631067961165048 0.0423728813559322 0.07928802588996764
2 0.4847457627118644 0.27993527508090615 0.05593220338983051 0.10032362459546926

