0 0.084765625 0.5263774912075029 0.07109375 0.12661195779601406
0 0.132421875 0.9091441969519344 0.09609375 0.1817116060961313
0 0.2515625 0.6371629542790153 0.0640625 0.1254396248534584
0 0.286328125 0.406799531066823 0.04140625 0.07737397420867527
0 0.348828125 0.35228604923798357 0.03828125 0.07620164126611957
0 0.50078125 0.46131301289566234 0.04375 0.08558030480656506
0 0.55546875 0.34466588511137164 0.040625 0.07971864009378664
0 0.676171875 0.4361078546307151 0.03671875 0.06330597889800703
0 0.769921875 0.48710433763188743 0.03671875 0.07620164126611957
0 0.8671875 0.5849941383352872 0.040625 0.11254396248534584
0 0.5984375 0.30890973036342323 0.04375 0.08089097303634232

