0 0.346435546875 0.78125 0.11279296875 0.2065972222222222
0 0.5302734375 0.1328125 0.0419921875 0.0954861111111111
2 0.73388671875 0.12369791666666667 0.0625 0.1015625
0 0.6328125 0.3784722222222222 0.0517578125 0.1076388888888889
2 0.28271484375 0.06553819444444445 0.017578125 0.033854166666666664
2 0.335205078125 0.07899305555555555 0.01806640625 0.036458333333333336
2 0.423095703125 0.04991319444444445 0.01904296875 0.030381944444444444
0 0.81787109375 0.18489583333333334 0.0283203125 0.03993055555555555
0 0.682861328125 0.0646701388888889 0.02392578125 0.04079861111111111
2 0.58935546875 0.047309027777777776 0.0166015625 0.044270833333333336
2 0.617431640625 0.014756944444444444 0.01318359375 0.027777777777777776
0 0.37255859375 0.11588541666666667 0.0224609375 0.04774305555555555
0 0.36962890625 0.1831597222222222 0.0390625 0.10416666666666667

