0 0.0859375 0.4727777777777778 0.044375 0.12777777777777777
0 0.2840625 0.43944444444444447 0.039375 0.10333333333333333
0 0.3340625 0.5022222222222222 0.060625 0.09777777777777778
0 0.396875 0.3705555555555556 0.0425 0.09222222222222222
2 0.44625 0.39 0.05375 0.10666666666666667
0 0.5078125 0.5033333333333333 0.075625 0.15555555555555556
2 0.50125 0.30277777777777776 0.04625 0.0811111111111111
2 0.58125 0.2866666666666667 0.05 0.10222222222222223
2 0.7021875 0.3438888888888889 0.048125 0.09222222222222222
0 0.673125 0.46111111111111114 0.04875 0.1
0 0.74375 0.44055555555555553 0.05125 0.11666666666666667
0 0.89125 0.35833333333333334 0.04375 0.08777777777777777
1 0.7909375 0.4861111111111111 0.066875 0.11888888888888889
2 0.9578125 0.39166666666666666 0.061875 0.10333333333333333
2 0.185 0.35944444444444446 0.03 0.056666666666666664
2 0.8159375 0.3388888888888889 0.030625 0.06222222222222222
0 0.93 0.32222222222222224 0.02625 0.05333333333333334

