0 0.08306451612903226 0.22349570200573066 0.05161290322580645 0.09455587392550144
0 0.16733870967741934 0.2800859598853868 0.04435483870967742 0.08166189111747851
0 0.2995967741935484 0.1840974212034384 0.029838709677419355 0.05873925501432665
0 0.35080645161290325 0.2593123209169054 0.054838709677419356 0.10888252148997135
0 0.36733870967741933 0.18481375358166188 0.03467741935483871 0.06017191977077364
0 0.4064516129032258 0.2356733524355301 0.04032258064516129 0.08166189111747851
0 0.4491935483870968 0.4713467048710602 0.056451612903225805 0.09455587392550144
0 0.4762096774193548 0.22922636103151864 0.031451612903225803 0.06303724928366762
0 0.5286290322580646 0.22349570200573066 0.029838709677419355 0.07449856733524356
0 0.5625 0.2335243553008596 0.042741935483870966 0.08595988538681948
0 0.6125 0.2636103151862464 0.03790322580645161 0.07163323782234957
0 0.652016129032258 0.3030085959885387 0.04758064516129032 0.08739255014326648
0 0.7116935483870968 0.3223495702005731 0.05403225806451613 0.09742120343839542
0 0.7641129032258065 0.21060171919770773 0.03951612903225806 0.07736389684813753
2 0.8080645161290323 0.21275071633237821 0.037096774193548385 0.05873925501432665
0 0.8826612903225807 0.18982808022922637 0.042741935483870966 0.09025787965616046
0 0.9403225806451613 0.21203438395415472 0.043548387096774194 0.09169054441260745
0 0.8411290322580646 0.21060171919770773 0.02258064516129032 0.054441260744985676

