0 0.06714285714285714 0.5964285714285714 0.03142857142857143 0.05857142857142857
0 0.15571428571428572 0.5421428571428571 0.018095238095238095 0.03857142857142857
0 0.19285714285714287 0.6264285714285714 0.035238095238095235 0.05
0 0.3038095238095238 0.5064285714285715 0.049523809523809526 0.09
0 0.42952380952380953 0.5978571428571429 0.0380952380952381 0.08142857142857143
0 0.5842857142857143 0.5571428571428572 0.03142857142857143 0.054285714285714284
0 0.6166666666666667 0.5378571428571428 0.018095238095238095 0.027142857142857142
2 0.6557142857142857 0.5385714285714286 0.014285714285714285 0.025714285714285714
0 0.7371428571428571 0.595 0.03428571428571429 0.05
1 0.8852380952380953 0.5314285714285715 0.04285714285714286 0.08
0 0.7728571428571429 0.53 0.01619047619047619 0.025714285714285714

