0 0.054296875 0.13194444444444445 0.07109375 0.13333333333333333
0 0.173046875 0.15138888888888888 0.08359375 0.14166666666666666
0 0.18984375 0.41597222222222224 0.0859375 0.15138888888888888
0 0.10546875 0.7555555555555555 0.078125 0.1388888888888889
0 0.316015625 0.4618055555555556 0.08671875 0.16527777777777777
0 0.29765625 0.8131944444444444 0.0796875 0.11805555555555555
0 0.518359375 0.6152777777777778 0.08828125 0.17777777777777778
0 0.53125 0.9034722222222222 0.08125 0.1625
0 0.600390625 0.5680555555555555 0.07578125 0.14722222222222223
0 0.734375 0.7770833333333333 0.078125 0.1625
0 0.84609375 0.32013888888888886 0.0796875 0.15416666666666667
0 0.9703125 0.18263888888888888 0.0578125 0.12083333333333333
0 0.96640625 0.42430555555555555 0.0671875 0.1486111111111111
0 0.8375 0.6243055555555556 0.078125 0.1597222222222222
0 0.944921875 0.7118055555555556 0.09140625 0.1625
0 0.815234375 0.9243055555555556 0.08671875 0.15138888888888888

