0 0.06416666666666666 0.2966666666666667 0.07 0.13
0 0.13666666666666666 0.315 0.055 0.12
0 0.22333333333333333 0.26166666666666666 0.04833333333333333 0.10666666666666667
2 0.4141666666666667 0.25666666666666665 0.06666666666666667 0.13
2 0.5341666666666667 0.235 0.056666666666666664 0.12
0 0.6583333333333333 0.26666666666666666 0.03833333333333333 0.09
0 0.7533333333333333 0.335 0.04833333333333333 0.09333333333333334
0 0.84 0.36666666666666664 0.04833333333333333 0.09666666666666666
0 0.9333333333333333 0.25166666666666665 0.06166666666666667 0.13333333333333333

