0 0.10847701149425287 0.5879888268156425 0.07902298850574713 0.18156424581005587
0 0.06896551724137931 0.2681564245810056 0.06321839080459771 0.1452513966480447
0 0.13649425287356323 0.12290502793296089 0.05747126436781609 0.15083798882681565
0 0.22557471264367815 0.5139664804469274 0.06609195402298851 0.17318435754189945
0 0.16594827586206898 0.41201117318435754 0.05603448275862069 0.13687150837988826
0 0.3333333333333333 0.5963687150837989 0.0603448275862069 0.19832402234636873
0 0.27298850574712646 0.9371508379888268 0.09482758620689655 0.12569832402234637
0 0.4274425287356322 0.9008379888268156 0.11063218390804598 0.19832402234636873
0 0.4209770114942529 0.36033519553072624 0.07183908045977011 0.17318435754189945
0 0.3426724137931034 0.24441340782122906 0.0617816091954023 0.14804469273743018
0 0.5452586206896551 0.3812849162011173 0.05890804597701149 0.1424581005586592
0 0.5783045977011494 0.7849162011173184 0.08189655172413793 0.16201117318435754
0 0.6293103448275862 0.5879888268156425 0.06321839080459771 0.17597765363128492
0 0.6048850574712644 0.32821229050279327 0.06609195402298851 0.164804469273743
0 0.6623563218390804 0.12849162011173185 0.05459770114942529 0.1340782122905028
2 0.5366379310344828 0.09636871508379888 0.04741379310344827 0.09776536312849161
0 0.7665229885057471 0.41899441340782123 0.05890804597701149 0.1452513966480447
0 0.8074712643678161 0.6829608938547486 0.08908045977011494 0.20391061452513967
0 0.8577586206896551 0.6536312849162011 0.05747126436781609 0.1564245810055866
0 0.9655172413793104 0.4594972067039106 0.06896551724137931 0.1871508379888268
0 0.9260057471264368 0.20391061452513967 0.0617816091954023 0.15083798882681565
0 0.944683908045977 0.05865921787709497 0.05316091954022988 0.0893854748603352
0 0.8498563218390804 0.3659217877094972 0.06752873563218391 0.13966480446927373
0 0.9748563218390804 0.8910614525139665 0.04741379310344827 0.21787709497206703

