0 0.022448979591836733 0.24909420289855072 0.030612244897959183 0.07065217391304347
0 0.13418367346938775 0.1105072463768116 0.06020408163265306 0.12681159420289856
0 0.2596938775510204 0.32518115942028986 0.02142857142857143 0.07065217391304347
1 0.37295918367346936 0.3278985507246377 0.025510204081632654 0.057971014492753624
0 0.40816326530612246 0.14945652173913043 0.03469387755102041 0.09239130434782608
0 0.5173469387755102 0.17028985507246377 0.026530612244897958 0.08333333333333333
0 0.5061224489795918 0.22916666666666666 0.02857142857142857 0.06702898550724638
0 0.6566326530612245 0.22826086956521738 0.03571428571428571 0.06884057971014493
0 0.7061224489795919 0.23641304347826086 0.0326530612244898 0.07065217391304347
0 0.7719387755102041 0.3007246376811594 0.017346938775510204 0.04710144927536232
0 0.8183673469387756 0.24728260869565216 0.036734693877551024 0.07065217391304347
0 0.8928571428571429 0.2726449275362319 0.030612244897959183 0.06340579710144928
0 0.9275510204081633 0.27445652173913043 0.026530612244897958 0.06702898550724638

