0 0.0875 0.27436281859070466 0.041 0.07496251874062969
0 0.158 0.3058470764617691 0.04 0.07796101949025487
0 0.277 0.2518740629685157 0.042 0.07496251874062969
0 0.399 0.3658170914542729 0.042 0.07196401799100449
0 0.4165 0.24887556221889057 0.041 0.053973013493253376
0 0.5505 0.212143928035982 0.039 0.07646176911544228
0 0.656 0.272863568215892 0.024 0.07796101949025487
0 0.7115 0.29610194902548725 0.037 0.08245877061469266
0 0.8385 0.2893553223388306 0.039 0.06296851574212893
0 0.9025 0.31334332833583206 0.037 0.06596701649175413

